[RX] 02 17 C3 4F 00 09 C3 4F 00 0A 14 00 00 00 55 03 E8 00 00 00 55 00 CF 03 E8 00 55 00 1E 00 00 DA FC 
[RX] 02 17 12 18 00 00 00 00 00 00 05 00 15 00 00 03 E8 00 3B 91 97 AA 8A 
[RX] 02 17 C3 4F 00 09 C3 4F 00 0A 14 00 00 00 55 03 E8 00 00 00 55 00 CF 03 E8 00 55 00 1E 00 00 DA FC 
[RX] 02 17 12 18 00 00 00 00 00 00 05 00 15 00 00 03 E8 00 3B 91 97 AA 8A 
[RX] 02 17 C3 4F 00 09 C3 4F 00 0A 14 00 00 00 55 03 E8 00 00 00 55 00 CF 03 E8 00 55 00 1E 00 00 DA FC 
[RX] 02 17 12 18 00 00 00 00 00 00 05 00 15 00 00 03 E8 00 3B 91 97 AA 8A 
[RX] 02 17 C3 4F 00 09 C3 4F 00 0A 14 00 00 00 55 03 E8 00 00 00 55 00 CF 03 E8 00 55 00 1E 00 00 DA FC 
[RX] 02 17 12 18 00 00 00 00 00 00 05 00 15 00 00 03 E8 00 3B 91 97 AA 8A 
[RX] 02 17 C3 4F 00 09 C3 4F 00 0A 14 00 00 00 55 03 E8 00 00 00 55 00 CF 03 E8 00 55 00 1E 00 00 DA FC 
[RX] 02 17 12 18 00 00 00 00 00 00 05 00 15 00 00 03 E8 00 3B 91 97 AA 8A 
[RX] 02 17 C3 4F 00 09 C3 4F 00 0A 14 00 00 00 55 03 E8 00 00 00 55 00 CF 03 E8 00 55 00 1E 00 00 DA FC 
[RX] 02 17 12 18 00 00 00 00 00 00 05 00 15 00 00 03 E8 00 3B 91 97 AA 8A 
[RX] 02 17 C3 4F 00 09 C3 4F 00 0A 14 00 00 00 55 03 E8 00 00 00 55 00 CF 03 E8 00 55 00 1E 00 00 DA FC 
[RX] 02 17 12 18 00 00 00 00 00 00 05 00 15 00 00 03 E8 00 3B 91 97 AA 8A 
[RX] 02 17 C3 4F 00 09 C3 4F 00 0A 14 00 00 00 55 03 E8 00 00 00 55 00 CF 03 E8 00 55 00 1E 00 00 DA FC 
[RX] 02 17 12 18 00 00 00 00 00 00 05 00 15 00 00 03 E8 00 3B 91 97 AA 8A 
[RX] 02 17 C3 4F 00 09 C3 4F 00 0A 14 00 00 00 55 03 E8 00 00 00 55 00 CF 03 E8 00 55 00 1E 00 00 DA FC 
[RX] 02 17 12 18 00 00 00 00 00 00 05 00 15 00 00 03 E8 00 3B 91 97 AA 8A 
[RX] 02 17 C3 4F 00 09 C3 4F 00 0A 14 00 00 00 55 03 E8 00 00 00 55 00 CF 03 E8 00 55 00 1E 00 00 DA FC 
[RX] 02 17 12 18 00 00 00 00 00 00 05 00 15 00 00 03 E8 00 3B 91 97 AA 8A 
[RX] 02 17 C3 4F 00 09 C3 4F 00 0A 14 00 00 00 55 03 E8 00 00 00 55 00 CF 03 E8 00 55 00 1E 00 00 DA FC 
[RX] 02 17 12 18 00 00 00 00 00 00 05 00 15 00 00 03 E8 00 3B 91 97 AA 8A 
[RX] 02 17 C3 4F 00 09 C3 4F 00 0A 14 00 00 00 55 03 E8 00 00 00 55 00 CF 03 E8 00 55 00 1E 00 00 DA FC 
[RX] 02 17 12 18 00 00 00 00 00 00 05 00 15 00 00 03 E8 00 3B 91 97 AA 8A 
[RX] 02 17 C3 4F 00 09 C3 4F 00 0A 14 00 00 00 55 03 E8 00 00 00 55 00 CF 03 E8 00 55 00 1E 00 00 DA FC 
[RX] 02 17 12 18 00 00 00 00 00 00 05 00 15 00 00 03 E8 00 3B 91 97 AA 8A 
[RX] 02 17 C3 4F 00 09 C3 4F 00 0A 14 00 00 00 55 03 E8 00 00 00 55 00 CF 03 E8 00 55 00 1E 00 00 DA FC 
[RX] 02 17 12 18 00 00 00 00 00 00 05 00 15 00 00 03 E8 00 3B 91 97 AA 8A 
[RX] 02 17 C3 4F 00 09 C3 4F 00 0A 14 00 00 00 55 03 E8 00 00 00 55 00 CF 03 E8 00 55 00 1E 00 00 DA FC 
[RX] 02 17 12 18 00 00 00 00 00 00 05 00 15 00 00 03 E8 00 3B 91 97 AA 8A 
[RX] 02 17 C3 4F 00 09 C3 4F 00 0A 14 00 00 00 55 03 E8 00 00 00 55 00 CF 03 E8 00 55 00 1E 00 00 DA FC 
[RX] 02 17 12 18 00 00 00 00 00 00 05 00 15 00 00 03 E8 00 3B 91 97 AA 8A 
[RX] 02 17 C3 4F 00 09 C3 4F 00 0A 14 00 00 00 55 03 E8 00 00 00 55 00 CF 03 E8 00 55 00 1E 00 00 DA FC 
[RX] 02 17 12 18 00 00 00 00 00 00 05 00 15 00 00 03 E8 00 3B 91 97 AA 8A 
[RX] 02 17 C3 4F 00 09 C3 4F 00 0A 14 00 00 00 55 03 E8 00 00 00 55 00 CF 03 E8 00 55 00 1E 00 00 DA FC 
[RX] 02 17 12 18 00 00 00 00 00 00 05 00 15 00 00 03 E8 00 3B 91 97 AA 8A 
[RX] 02 17 C3 4F 00 09 C3 4F 00 0A 14 00 00 00 55 03 E8 00 00 00 55 00 CF 03 E8 00 55 00 1E 00 00 DA FC 
[RX] 02 17 12 18 00 00 00 00 00 00 05 00 15 00 00 03 E8 00 3B 91 97 AE 8A 
[RX] 02 17 C3 4F 00 09 C3 4F 00 0A 14 00 00 00 55 03 E8 00 00 00 55 00 CF 03 E8 00 55 00 1E 00 00 DA FC 
[RX] 02 17 12 18 00 00 00 00 00 00 05 00 15 00 00 03 E8 00 3B 91 97 AA 8A 
[RX] 02 17 C3 4F 00 09 C3 4F 00 0A 14 00 00 00 55 03 E8 00 00 00 55 00 CF 03 E8 00 55 00 1E 00 00 DA FC 
[RX] 02 17 12 18 00 00 00 00 00 00 05 00 15 00 00 03 E8 00 3B 91 97 AA 8A 
[RX] 02 17 C3 4F 00 09 C3 4F 00 0A 14 00 00 00 55 03 E8 00 00 00 55 00 CF 03 E8 00 55 00 1E 00 00 DA FC 
[RX] 02 17 12 18 00 00 00 00 00 00 05 00 15 00 00 03 E8 00 3B 91 97 AA 8A 
[RX] 02 17 C3 4F 00 09 C3 4F 00 0A 14 00 00 00 55 03 E8 00 00 00 55 00 CF 03 E8 00 55 00 1E 00 00 DA FC 
[RX] 02 17 12 18 00 00 00 00 00 00 05 00 15 00 00 03 E8 00 3B 91 97 AA 8A 
[RX] 02 17 C3 4F 00 09 C3 4F 00 0A 14 00 00 00 55 03 E8 00 00 00 55 00 CF 03 E8 00 55 00 1E 00 00 DA FC 
[RX] 02 17 12 18 00 00 00 00 00 00 05 00 15 00 00 03 E8 00 3B 91 97 AA 8A 
[RX] 02 17 C3 4F 00 09 C3 4F 00 0A 14 00 00 00 55 03 E8 00 00 00 55 00 CF 03 E8 00 55 00 1E 00 00 DA FC 
[RX] 02 17 12 18 00 00 00 00 00 00 05 00 15 00 00 03 E8 00 3B 91 97 AA 8A 
[RX] 02 17 C3 4F 00 09 C3 4F 00 0A 14 00 00 00 55 03 E8 00 00 00 55 00 CF 03 E8 00 55 00 1E 00 00 DA FC 
[RX] 02 17 12 18 00 00 00 00 00 00 05 00 15 00 00 03 E8 00 3B 91 97 AA 8A 
[RX] 02 17 C3 4F 00 09 C3 4F 00 0A 14 00 00 00 55 03 E8 00 00 00 55 00 CF 03 E8 00 55 00 1E 00 00 DA FC 
[RX] 02 17 12 18 00 00 00 00 00 00 05 00 15 00 00 03 E8 00 3B 91 97 AA 8A 
[RX] 02 17 C3 4F 00 09 C3 4F 00 0A 14 00 00 00 55 03 E8 00 00 00 55 00 CF 03 E8 00 55 00 1E 00 00 DA FC 
[RX] 02 17 12 18 00 00 00 00 00 00 05 00 15 00 00 03 E8 00 3B 91 97 AA 8A 
[RX] 02 17 C3 4F 00 09 C3 4F 00 0A 14 00 00 00 55 03 E8 00 00 00 55 00 CF 03 E8 00 55 00 1E 00 00 DA FC 
[RX] 02 17 12 18 00 00 00 00 00 00 05 00 15 00 00 03 E8 00 3B 91 97 AA 8A 
[RX] 02 17 C3 4F 00 09 C3 4F 00 0A 14 00 00 00 55 03 E8 00 00 00 55 00 CF 03 E8 00 55 00 1E 00 00 DA FC 
[RX] 02 17 12 18 00 00 00 00 00 00 05 00 15 00 00 03 E8 00 3B 91 97 AA 8A 
[RX] 02 17 C3 4F 00 09 C3 4F 00 0A 14 00 00 00 55 03 E8 00 00 00 55 00 CF 03 E8 00 55 00 1E 00 00 DA FC 
[RX] 02 17 12 18 00 00 00 00 00 00 05 00 15 00 00 03 E8 00 3B 91 97 AA 8A 
[RX] 02 17 C3 4F 00 09 C3 4F 00 0A 14 00 00 00 55 03 E8 00 00 00 55 00 CF 03 E8 00 55 00 1E 00 00 DA FC 
[RX] 02 17 12 18 00 00 00 00 00 00 05 00 15 00 00 03 E8 00 3B 91 97 AA 8A 
[RX] 02 17 C3 4F 00 09 C3 4F 00 0A 14 00 00 00 55 03 E8 00 00 00 55 00 CF 03 E8 00 55 00 1E 00 00 DA FC 
[RX] 02 17 12 18 00 00 00 00 00 00 05 00 15 00 00 03 E8 00 3B 91 97 AA 8A 
[RX] 02 17 C3 4F 00 09 C3 4F 00 0A 14 00 00 00 55 03 E8 00 00 00 55 00 CF 03 E8 00 55 00 1E 00 00 DA FC 
[RX] 02 17 12 18 00 00 00 00 00 00 05 00 15 00 00 03 E8 00 3B 91 97 AA 8A 
[RX] 02 17 C3 4F 00 09 C3 4F 00 0A 14 00 00 00 55 03 E8 00 00 00 55 00 CF 03 E8 00 55 00 1E 00 00 DA FC 
[RX] 02 17 12 18 00 00 00 00 00 00 05 00 15 00 00 03 E8 00 3B 91 97 AA 8A 
[RX] 02 17 C3 4F 00 09 C3 4F 00 0A 14 00 00 00 55 03 E8 00 00 00 55 00 CF 03 E8 00 55 00 1E 00 00 DA FC 
[RX] 02 17 12 18 00 00 00 00 00 00 05 00 15 00 00 03 E8 00 3B 91 97 AA 8A 
[RX] 02 17 C3 4F 00 09 C3 4F 00 0A 14 00 00 00 55 03 E8 00 00 00 55 00 CF 03 E8 00 55 00 1E 00 00 DA FC 
[RX] 02 17 12 18 00 00 00 00 00 00 05 00 15 00 00 03 E8 00 3B 91 97 AA 8A 
[RX] 02 17 C3 4F 00 09 C3 4F 00 0A 14 00 00 00 55 03 E8 00 00 00 55 00 CF 03 E8 00 55 00 1E 00 00 DA FC 
[RX] 02 17 12 18 00 00 00 00 00 00 05 00 15 00 00 03 E8 00 3B 91 97 AA 8A 
[RX] 02 17 C3 4F 00 09 C3 4F 00 0A 14 00 00 00 55 03 E8 00 00 00 55 00 CF 03 E8 00 55 00 1E 00 00 DA FC 
[RX] 02 17 12 18 00 00 00 00 00 00 05 00 15 00 00 03 E8 00 3B 91 97 AA 8A 
[RX] 02 17 C3 4F 00 09 C3 4F 00 0A 14 00 00 00 55 03 E8 00 00 00 55 00 CF 03 E8 00 55 00 1E 00 00 DA FC 
[RX] 02 17 12 18 00 00 00 00 00 00 05 00 15 00 00 03 E8 00 3B 91 97 AA 8A 
[RX] 02 17 C3 4F 00 09 C3 4F 00 0A 14 00 00 00 55 03 E8 00 00 00 55 00 CF 03 E8 00 55 00 1E 00 00 DA FC 
[RX] 02 17 12 18 00 00 00 00 00 00 05 00 15 00 00 03 E8 00 3B 91 97 AA 8A 
[RX] 02 17 C3 4F 00 09 C3 4F 00 0A 14 00 00 00 55 03 E8 00 00 00 55 00 CF 03 E8 00 55 00 1E 00 00 DA FC 
[RX] 02 17 12 18 00 00 00 00 00 00 05 00 15 00 00 03 E8 00 3B 91 97 AA 8A 
[RX] 02 17 C3 4F 00 09 C3 4F 00 0A 14 00 00 00 55 03 E8 00 00 00 55 00 CF 03 E8 00 55 00 1E 00 00 DA FC 
[RX] 02 17 12 18 00 00 00 00 00 00 05 00 15 00 00 03 E8 00 3B 91 97 AA 8A 
[RX] 02 17 C3 4F 00 09 C3 4F 00 0A 14 00 00 00 55 03 E8 00 00 00 55 00 CF 03 E8 00 55 00 1E 00 00 DA FC 
[RX] 02 17 12 18 00 00 00 00 00 00 05 00 15 00 00 03 E8 00 3B 91 97 AA 8A 
[RX] 02 17 C3 4F 00 09 C3 4F 00 0A 14 00 00 00 55 03 E8 00 00 00 55 00 CF 03 E8 00 55 00 1E 00 00 DA FC 
[RX] 02 17 12 18 00 00 00 00 00 00 05 00 16 00 00 03 E8 00 3B 91 97 BE 7A 
[RX] 02 17 C3 4F 00 09 C3 4F 00 0A 14 00 00 00 55 03 E8 00 00 00 55 00 CF 03 E8 00 55 00 1E 00 00 DA FC 
[RX] 02 17 12 18 00 00 00 00 00 00 05 00 16 00 00 03 E8 00 3B 91 97 BE 7A 
[RX] 02 17 C3 4F 00 09 C3 4F 00 0A 14 00 00 00 55 03 E8 00 00 00 55 00 CF 03 E8 00 55 00 1E 00 00 DA FC 
[RX] 02 17 12 18 00 00 00 00 00 00 05 00 16 00 00 03 E8 00 3B 91 97 BE 7A 
[RX] 02 17 C3 4F 00 09 C3 4F 00 0A 14 00 00 00 55 03 E8 00 00 00 55 00 CF 03 E8 00 55 00 1E 00 00 DA FC 
[RX] 02 17 12 18 00 00 00 00 00 00 05 00 16 00 00 03 E8 00 3B 91 97 BE 7A 
[RX] 02 17 C3 4F 00 09 C3 4F 00 0A 14 00 00 00 55 03 E8 00 00 00 55 00 CF 03 E8 00 55 00 1E 00 00 DA FC 
[RX] 02 17 12 18 00 00 00 00 00 00 05 00 16 00 00 03 E8 00 3B 91 97 BE 7A 
[RX] 02 17 C3 4F 00 09 C3 4F 00 0A 14 00 00 00 55 03 E8 00 00 00 55 00 CF 03 E8 00 55 00 1E 00 00 DA FC 
[RX] 02 17 12 18 00 00 00 00 00 00 05 00 16 00 00 03 E8 00 3B 91 97 BE 7A 
[RX] 02 17 C3 4F 00 09 C3 4F 00 0A 14 00 00 00 55 03 E8 00 00 00 55 00 CF 03 E8 00 55 00 1E 00 00 DA FC 
[RX] 02 17 12 18 00 00 00 00 00 00 05 00 16 00 00 03 E8 00 3B 91 97 BE 7A 
[RX] 02 17 C3 4F 00 09 C3 4F 00 0A 14 00 00 00 55 03 E8 00 00 00 55 00 CF 03 E8 00 55 00 1E 00 00 DA FC 
[RX] 02 17 12 18 00 00 00 00 00 00 05 00 16 00 00 03 E8 00 3B 91 97 BE 7A 
[RX] 02 17 C3 4F 00 09 C3 4F 00 0A 14 00 00 00 55 03 E8 00 00 00 55 00 CF 03 E8 00 55 00 1E 00 00 DA FC 
[RX] 02 17 12 18 00 00 00 00 00 00 05 00 14 00 00 03 E8 00 3B 91 97 A7 1A 
[RX] 02 17 C3 4F 00 09 C3 4F 00 0A 14 00 00 00 55 03 E8 00 00 00 55 00 CF 03 E8 00 55 00 1E 00 00 DA FC 
[RX] 02 17 12 18 00 00 00 00 00 00 05 00 14 00 00 03 E8 00 3B 91 97 A7 1A 
[RX] 02 17 C3 4F 00 09 C3 4F 00 0A 14 00 00 00 55 03 E8 00 00 00 55 00 CF 03 E8 00 55 00 1E 00 00 DA FC 
[RX] 02 17 12 18 00`00 00 00 00 00 05 00 14 00 00 03 E8 00 3B 91 97 A7 1A 
[RX] 02 17 C3 4F 00 09 C3 4F 00 0A 14 00 00 00 55 03 E8 00 00 00 55 00 CF 03 E8 00 55 00 1E 00 00 DA FC 
[RX] 02 17 12 18 00 00 00 00 00 00 05 00 14 00 00 03 E8 00 3B 91 97 A7 1A 
[RX] 02 17 C3 4F 00 09 C3 4F 00 0A 14 00 00 00 55 03 E8 00 00 00 55 00 CF 03 E8 00 55 00 1E 00 00 DA FC 
[RX] 02 17 12 18 00 00 00 00 00 00 05 00 14 00 00 03 E8 00 3B 91 97 A7 1A 
[RX] 02 17 C3 4F 00 09 C3 4F 00 0A 14 00 00 00 55 03 E8 00 00 00 55 00 CF 03 E8 00 55 00 1E 00 00 DA FC 
[RX] 02 17 12 18 00 00 00 00 00 00 05 00 14 00 00 03 E8 00 3B 91 97 A7 1A 
[RX] 02 17 C3 4F 00 09 C3 4F 00 0A 14 00 00 00 55 03 E8 00 00 00 55 00 CF 03 E8 00 55 00 1E 00 00 DA FC 
[RX] 02 17 12 18 00 00 00 00 00 00 05 00 14 00 00 03 E8 00 3B 91 97 A7 1A 
[RX] 02 17 C3 4F 00 09 C3 4F 00 0A 14 00 00 00 55 03 E8 00 00 00 55 00 CF 03 E8 00 55 00 1E 00 00 DA FC 
[RX] 02 17 12 18 00 00 00 00 00 00 05 00 14 00 00 03 E8 00 3B 91 97 A7 1A 
[RX] 02 17 C3 4F 00 09 C3 4F 00 0A 14 00 00 00 55 03 E8 00 00 00 55 00 CF 03 E8 00 55 00 1E 00 00 DA FC 
[RX] 02 17 12 18 00 00 00 00 00 00 05 00 14 00 00 03 E8 00 3B 91 97 A7 1A 
[RX] 02 17 C3 4F 00 09 C3 4F 00 0A 14 00 00 00 55 03 E8 00 00 00 55 00 CF 03 E8 00 55 00 1E 00 00 DA FC 
[RX] 02 17 12 18 00 00 00 00 00 00 05 00 14 00 00 03 E8 00 3B 91 97 A7 1A 
[RX] 02 17 C3 4F 00 09 C3 4F 00 0A 14 00 00 00 55 03 E8 00 00 00 55 00 CF 03 E8 00 55 00 1E 00 00 DA FC 
[RX] 02 17 12 18 00 00 00 00 00 00 05 00 14 00 00 03 E8 00 3B 91 97 A7 1A 
[RX] 02 17 C3 4F 00 09 C3 4F 00 0A 14 00 00 00 55 03 E8 00 00 00 55 00 CF 03 E8 00 55 00 1E 00 00 DA FC 
[RX] 02 17 12 18 00 00 00 00 00 00 05 00 14 00 00 03 E8 00 3B 91 97 A7 1A 
[RX] 02 17 C3 4F 00 09 C3 4F 00 0A 14 00 00 00 55 03 E8 00 00 00 55 00 CF 03 E8 00 55 00 1E 00 00 DA FC 
[RX] 02 17 12 18 00 00 00 00 00 00 05 00 14 00 00 03 E8 00 3B 91 97 A7 1A 
[RX] 02 17 C3 4F 00 09 C3 4F 00 0A 14 00 00 00 55 03 E8 00 00 00 55 00 CF 03 E8 00 55 00 1E 00 00 DA FC 
[RX] 02 17 12 18 00 00 00 00 00 00 05 00 14 00 00 03 E8 00 3B 91 97 A7 1A 
[RX] 02 17 C3 4F 00 09 C3 4F 00 0A 14 00 00 00 55 03 E8 00 00 00 55 00 CF 03 E8 00 55 00 1E 00 00 DA FC 
[RX] 02 17 12 18 00 00 00 00 00 00 05 00 14 00 00 03 E8 00 3B 91 97 A7 1A 
[RX] 02 17 C3 4F 00 09 C3 4F 00 0A 14 00 00 00 55 03 E8 00 00 00 55 00 CF 03 E8 00 55 00 1E 00 00 DA FC 
[RX] 02 17 12 18 00 00 00 00 00 00 05 00 14 00 00 03 E8 00 3B 91 97 A7 1A 
[RX] 02 17 C3 4F 00 09 C3 4F 00 0A 14 00 00 00 55 03 E8 00 00 00 55 00 CF 03 E8 00 55 00 1E 00 00 DA FC 
[RX] 02 17 12 18 00 00 00 00 00 00 05 00 14 00 00 03 E8 00 3B 91 97 A7 1A 
[RX] 02 17 C3 4F 00 09 C3 4F 00 0A 14 00 00 00 55 03 E8 00 00 00 55 00 CF 03 E8 00 55 00 1E 00 00 DA FC 
[RX] 02 17 12 18 00 00 00 00 00 00 05 00 14 00 00 03 E8 00 3B 91 97 A7 1A 
[RX] 02 17 C3 4F 00 09 C3 4F 00 0A 14 00 00 00 55 03 E8 00 00 00 55 00 CF 03 E8 00 55 00 1E 00 00 DA FC 
[RX] 02 17 12 18 00 00 00 00 00 00 05 00 14 00 00 03 E8 00 3B 91 97 A7 1A 
[RX] 02 17 C3 4F 00 09 C3 4F 00 0A 14 00 00 00 55 03 E8 00 00 00 55 00 CF 03 E8 00 55 00 1E 00 00 DA FC 
[RX] 02 17 12 18 00 00 00 00 00 00 05 00 14 00 00 03 E8 00 3B 91 97 A7 1A 
[RX] 02 17 C3 4F 00 09 C3 4F 00 0A 14 00 00 00 55 03 E8 00 00 00 55 00 CF 03 E8 00 55 00 1E 00 00 DA FC 
[RX] 02 17 12 18 00 00 00 00 00 00 05 00 14 00 00 03 E8 00 3B 91 97 A7 1A 
[RX] 02 17 C3 4F 00 09 C3 4F 00 0A 14 00 00 00 55 03 E8 00 00 00 55 00 CF 03 E8 00 55 00 1E 00 00 DA FC 
[RX] 02 17 12 18 00 00 00 00 00 00 05 00 14 00 00 03 E8 00 3B 91 97 A7 1A 
[RX] 02 17 C3 4F 00 09 C3 4F 00 0A 14 00 00 00 55 03 E8 00 00 00 55 00 CF 03 E8 00 55 00 1E 00 00 DA FC 
[RX] 02 17 12 18 00 00 00 00 00 00 05 00 14 00 00 03 E8 00 3B 91 97 A7 1A 
[RX] 02 17 C3 4F 00 09 C3 4F 00 0A 14 00 00 00 55 03 E8 00 00 00 55 00 CF 03 E8 00 55 00 1E 00 00 DA FC 
[RX] 02 17 12 18 00 00 00 00 00 00 05 00 14 00 00 03 E8 00 3B 91 97 A7 1A 
[RX] 02 17 C3 4F 00 09 C3 4F 00 0A 14 00 00 00 55 03 E8 00 00 00 55 00 CF 03 E8 00 55 00 1E 00 00 DA FC 
[RX] 02 17 12 18 00 00 00 00 00 00 05 00 14 00 00 03 E8 00 3B 91 97 A7 1A 
[RX] 02 17 C3 4F 00 09 C3 4F 00 0A 14 00 00 00 55 03 E8 00 00 00 55 00 CF 03 E8 00 55 00 1E 00 00 DA FC 
[RX] 02 17 12 18 00 00 00 00 00 00 05 00 14 00 00 03 E8 00 3B 91 97 A7 1A 
[RX] 02 17 C3 4F 00 09 C3 4F 00 0A 14 00 00 00 55 03 E8 00 00 00 55 00 CF 03 E8 00 55 00 1E 00 00 DA FC 
[RX] 02 17 12 18 00 00 00 00 00 00 05 00 14 00 00 03 E8 00 3B 91 97 A7 1A 
[RX] 02 17 C3 4F 00 09 C3 4F 00 0A 14 00 00 00 55 03 E8 00 00 00 55 00 CF 03 E8 00 55 00 1E 00 00 DA FC 
[RX] 02 17 12 18 00 00 00 00 00 00 05 00 14 00 00 03 E8 00 3B 91 97 A7 1A 
[RX] 02 17 C3 4F 00 09 C3 4F 00 0A 14 00 00 00 55 03 E8 00 00 00 55 00 CF 03 E8 00 55 00 1E 00 00 DA FC 
[RX] 02 17 12 18 00 00 00 00 00 00 05 00 14 00 00 03 E8 00 3B 91 97 A7 1A 
[RX] 02 17 C3 4F 00 09 C3 4F 00 0A 14 00 00 00 55 03 E8 00 00 00 55 00 CF 03 E8 00 55 00 1E 00 00 DA FC 
[RX] 02 17 12 18 00 00 00 00 00 00 05 00 14 00 00 03 E8 00 3B 91 97 A7 1A 
[RX] 02 17 C3 4F 00 09 C3 4F 00 0A 14 00 00 00 55 03 E8 00 00 00 55 00 CF 03 E8 00 55 00 1E 00 00 DA FC 
[RX] 02 17 12 18 00 00 00 00 00 00 05 00 14 00 00 03 E8 00 3B 91 97 A7 1A 
[RX] 02 17 C3 4F 00 09 C3 4F 00 0A 14 00 00 00 55 03 E8 00 00 00 55 00 CF 03 E8 00 55 00 1E 00 00 DA FC 
[RX] 02 17 12 18 00 00 00 00 00 00 05 00 14 00 00 03 E8 00 3B 91 97 A7 1A 
[RX] 02 17 C3 4F 00 09 C3 4F 00 0A 14 00 00 00 55 03 E8 00 00 00 55 00 CF 03 E8 00 55 00 1E 00 00 DA FC 
[RX] 02 17 12 18 00 00 00 00 00 00 05 00 14 00 00 03 E8 00 3B 91 97 A7 1A 
[RX] 02 17 C3 4F 00 09 C3 4F 00 0A 14 00 00 00 55 03 E8 00 00 00 55 00 CF 03 E8 00 55 00 1E 00 00 DA FC 
[RX] 02 17 12 18 00 00 00 00 00 00 05 00 14 00 00 03 E8 00 3B 91 97 A7 1A 
[RX] 02 17 C3 4F 00 09 C3 4F 00 0A 14 00 00 00 55 03 E8 00 00 00 55 00 CF 03 E8 00 55 00 1E 00 00 DA FC 
[RX] 02 17 12 18 00 00 00 00 00 00 05 00 14 00 00 03 E8 00 3B 91 97 A7 1A 
[RX] 02 17 C3 4F 00 09 C3 4F 00 0A 14 00 00 00 55 03 E8 00 00 00 55 00 CF 03 E8 00 55 00 1E 00 00 DA FC 
[RX] 02 17 12 18 00 00 00 00 00 00 05 00 14 00 00 03 E8 00 3B 91 97 A7 1A 
[RX] 02 17 C3 4F 00 09 C3 4F 00 0A 14 00 00 00 55 03 E8 00 00 00 55 00 CF 03 E8 00 55 00 1E 00 00 DA FC 
[RX] 02 17 12 18 00 00 00 00 00 00 05 00 14 00 00 03 E8 00 3B 91 97 A7 1A 
[RX] 02 17 C3 4F 00 09 C3 4F 00 0A 14 00 00 00 55 03 E8 00 00 00 55 00 CF 03 E8 00 55 00 1E 00 00 DA FC 
[RX] 02 17 12 18 00 00 00 00 00 00 05 00 14 00 00 03 E8 00 3B 91 97 A7 1A 
[RX] 02 17 C3 4F 00 09 C3 4F 00 0A 14 00 00 00 55 03 E8 00 00 00 55 00 CF 03 E8 00 55 00 1E 00 00 DA FC 
[RX] 02 17 12 18 00 00 00 00 00 00 05 00 14 00 00 03 E8 00 3B 91 97 A7 1A 
[RX] 02 17 C3 4F 00 09 C3 4F 00 0A 14 00 00 00 55 03 E8 00 00 00 55 00 CF 03 E8 00 55 00 1E 00 00 DA FC 
[RX] 02 17 12 18 00 00 00 00 00 00 05 00 14 00 00 03 E8 00 3B 91 97 A7 1A 
[RX] 02 17 C3 4F 00 09 C3 4F 00 0A 14 00 00 00 55 03 E8 00 00 00 55 00 CF 03 E8 00 55 00 1E 00 00 DA FC 
[RX] 02 17 12 18 00 00 00 00 00 00 05 00 14 00 00 03 E8 00 3B 91 97 A7 1A 
[RX] 02 17 C3 4F 00 09 C3 4F 00 0A 14 00 00 00 55 03 E8 00 00 00 55 00 CF 03 E8 00 55 00 1E 00 00 DA FC 
[RX] 02 17 12 18 00 00 00 00 00 00 05 00 14 00 00 03 E8 00 3B 91 97 A7 1A 
[RX] 02 17 C3 4F 00 09 C3 4F 00 0A 14 00 00 00 55 03 E8 00 00 00 55 00 CF 03 E8 00 55 00 1E 00 00 DA FC 
[RX] 02 17 12 18 00 00 00 00 00 00 05 00 14 00 00 03 E8 00 3B 91 97 A7 1A 
[RX] 02 17 C3 4F 00 09 C3 4F 00 0A 14 00 00 00 55 03 E8 00 00 00 55 00 CF 03 E8 00 55 00 1E 00 00 DA FC 
[RX] 02 17 12 18 00 00 00 00 00 00 05 00 14 00 00 03 E8 00 3B 91 97 A7 1A 
[RX] 02 17 C3 4F 00 09 C3 4F 00 0A 14 00 00 00 55 03 E8 00 00 00 55 00 CF 03 E8 00 55 00 1E 00 00 DA FC 
[RX] 02 17 12 18 00 00 00 00 00 00 05 00 14 00 00 03 E8 00 3B 91 97 A7 1A 
[RX] 02 17 C3 4F 00 09 C3 4F 00 0A 14 00 00 00 55 03 E8 00 00 00 55 00 CF 03 E8 00 55 00 1E 00 00 DA FC 
[RX] 02 17 12 18 00 00 00 00 00 00 05 00 14 00 00 03 E8 00 3B 91 97 A7 1A 
[RX] 02 17 C3 4F 00 09 C3 4F 00 0A 14 00 00 00 55 03 E8 00 00 00 55 00 CF 03 E8 00 55 00 1E 00 00 DA FC 
[RX] 02 17 12 18 00 00 00 00 00 00 05 00 14 00 00 03 E8 00 3B 91 97 A7 1A 
[RX] 02 17 C3 4F 00 09 C3 4F 00 0A 14 00 00 00 55 03 E8 00 00 00 55 00 CF 03 E8 00 55 00 1E 00 00 DA FC 
[RX] 02 17 12 18 00 00 00 00 00 00 05 00 14 00 00 03 E8 00 3B 91 97 A7 1A 
[RX] 02 17 C3 4F 00 09 C3 4F 00 0A 14 00 00 00 55 03 E8 00 00 00 55 00 CF 03 E8 00 55 00 1E 00 00 DA FC 
[RX] 02 17 12 18 00 00 00 00 00 00 05 00 14 00 00 03 E8 00 3B 91 97 A7 1A 
[RX] 02 17 C3 4F 00 09 C3 4F 00 0A 14 00 00 00 55 03 E8 00 00 00 55 00 CF 03 E8 00 55 00 1E 00 00 DA FC 
[RX] 02 17 12 18 00 00 00 00 00 00 05 00 14 00 00 03 E8 00 3B 91 97 A7 1A 
[RX] 02 17 C3 4F 00 09 C3 4F 00 0A 14 00 00 00 55 03 E8 00 00 00 55 00 CF 03 E8 00 55 00 1E 00 00 DA FC 
[RX] 02 17 12 18 00 00 00 00 00 00 05 00 14 00 00 03 E8 00 3B 91 97 A7 1A 
[RX] 02 17 C3 4F 00 09 C3 4F 00 0A 14 00 00 00 55 03 E8 00 00 00 55 00 CF 03 E8 00 55 00 1E 00 00 DA FC 
[RX] 02 17 12 18 00 00 00 00 00 00 05 00 14 00 00 03 E8 00 3B 91 97 A7 1A 
[RX] 02 17 C3 4F 00 09 C3 4F 00 0A 14 00 00 00 55 03 E8 00 00 00 55 00 CF 03 E8 00 55 00 1E 00 00 DA FC 
[RX] 02 17 12 18 00 00 00 00 00 00 05 00 14 00 00 03 E8 00 3B 91 97 A7 1A 
[RX] 02 17 C3 4F 00 09 C3 4F 00 0A 14 00 00 00 55 03 E8 00 00 00 55 00 CF 03 E8 00 55 00 1E 00 00 DA FC 
[RX] 02 17 12 18 00 00 00 00 00 00 05 00 14 00 00 03 E8 00 3B 91 97 A7 1A 
[RX] 02 17 C3 4F 00 09 C3 4F 00 0A 14 00 00 00 55 03 E8 00 00 00 55 00 CF 03 E8 00 55 00 1E 00 00 DA FC 
[RX] 02 17 12 18 00 00 00 00 00 00 05 00 14 00 00 03 E8 00 3B 91 97 A7 1A 
[RX] 02 17 C3 4F 00 09 C3 4F 00 0A 14 00 00 00 55 03 E8 00 00 00 55 00 CF 03 E8 00 55 00 1E 00 00 DA FC 
[RX] 02 17 12 18 00 00 00 00 00 00 05 00 14 00 00 03 E8 00 3B 91 97 A7 1A 
[RX] 02 17 C3 4F 00 09 C3 4F 00 0A 14 00 00 00 55 03 E8 00 00 00 55 00 CF 03 E8 00 55 00 1E 00 00 DA FC 
[RX] 02 17 12 18 00 00 00 00 00 00 05 00 14 00 00 03 E8 00 3B 91 97 A7 1A 
[RX] 02 17 C3 4F 00 09 C3 4F 00 0A 14 00 00 00 55 03 E8 00 00 00 55 00 CF 03 E8 00 55 00 1E 00 00 DA FC 
[RX] 02 17 12 18 00 00 00 00 00 00 05 00 14 00 00 03 E8 00 3B 91 97 A7 1A 
[RX] 02 17 C3 4F 00 09 C3 4F 00 0A 14 00 00 00 55 03 E8 00 00 00 55 00 CF 03 E8 00 55 00 1E 00 00 DA FC 
[RX] 02 17 12 18 00 00 00 00 00 00 05 00 14 00 00 03 E8 00 3B 91 97 A7 1A 
[RX] 02 17 C3 4F 00 09 C3 4F 00 0A 14 00 00 00 55 03 E8 00 00 00 55 00 CF 03 E8 00 55 00 1E 00 00 DA FC 
[RX] 02 17 12 18 00 00 00 00 00 00 05 00 14 00 00 03 E8 00 3B 91 97 A7 1A 
[RX] 02 17 C3 4F 00 09 C3 4F 00 0A 14 00 00 00 55 03 E8 00 00 00 55 00 CF 03 E8 00 55 00 1E 00 00 DA FC 
[RX] 02 17 12 18 00 00 00 00 00 00 05 00 14 00 00 03 E8 00 3B 91 97 A7 1A 
[RX] 02 17 C3 4F 00 09 C3 4F 00 0A 14 00 00 00 55 03 E8 00 00 00 55 00 CF 03 E8 00 55 00 1E 00 00 DA FC 
[RX] 02 17 12 18 00 00 00 00 00 00 05 00 14 00 00 03 E8 00 3B 91 97 A7 1A 
[RX] 02 17 C3 4F 00 09 C3 4F 00 0A 14 00 00 00 55 03 E8 00 00 00 55 00 CF 03 E8 00 55 00 1E 00 00 DA FC 
[RX] 02 17 12 18 00 00 00 00 00 00 05 00 14 00 00 03 E8 00 3B 91 97 A7 1A 
[RX] 02 17 C3 4F 00 09 C3 4F 00 0A 14 00 00 00 55 03 E8 00 00 00 55 00 CF 03 E8 00 55 00 1E 00 00 DA FC 
[RX] 02 17 12 18 00 00 00 00 00 00 05 00 14 00 00 03 E8 00 3B 91 97 A7 1A 
[RX] 02 17 C3 4F 00 09 C3 4F 00 0A 14 00 00 00 55 03 E8 00 00 00 55 00 CF 03 E8 00 55 00 1E 00 00 DA FC 
[RX] 02 17 12 18 00 00 00 00 00 00 05 00 14 00 00 03 E8 00 3B 91 97 A7 1A 
[RX] 02 17 C3 4F 00 09 C3 4F 00 0A 14 00 00 00 55 03 E8 00 00 00 55 00 CF 03 E8 00 55 00 1E 00 00 DA FC 
[RX] 02 17 12 18 00 00 00 00 00 00 05 00 14 00 00 03 E8 00 3B 91 97 A7 1A 
[RX] 02 17 C3 4F 00 09 C3 4F 00 0A 14 00 00 00 55 03 E8 00 00 00 55 00 CF 03 E8 00 55 00 1E 00 00 DA FC 
[RX] 02 17 12 18 00 00 00 00 00 00 05 00 14 00 00 03 E8 00 3B 91 97 A7 1A 
[RX] 02 17 C3 4F 00 09 C3 4F 00 0A 14 00 00 00 55 03 E8 00 00 00 55 00 CF 03 E8 00 55 00 1E 00 00 DA FC 
[RX] 02 17 12 18 00 00 00 00 00 00 05 00 15 00 00 03 E8 00 3B 91 97 AA 8A 
[RX] 02 17 C3 4F 00 09 C3 4F 00 0A 14 00 00 00 55 03 E8 00 00 00 55 00 CF 03 E8 00 55 00 1E 00 00 DA FC 
[RX] 02 17 12 18 00 00 00 00 00 00 05 00 15 00 00 03 E8 00 3B 91 97 AA 8A 
[RX] 02 17 C3 4F 00 09 C3 4F 00 0A 14 00 00 00 55 03 E8 00 00 00 55 00 CF 03 E8 00 55 00 1E 00 00 DA FC 
[RX] 02 17 12 18 00 00 00 00 00 00 05 00 15 00 00 03 E8 00 3B 91 97 AE 8A 
[RX] 02 17 C3 4F 00 09 C3 4F 00 0A 14 00 00 00 55 03 E8 00 00 00 55 00 CF 03 E8 00 55 00 1E 00 00 DA FC 
[RX] 02 17 12 18 00 00 00 00 00 00 05 00 15 00 00 03 E8 00 3B 91 97 AA 8A 
[RX] 02 17 C3 4F 00 09 C3 4F 00 0A 14 00 00 00 55 03 E8 00 00 00 55 00 CF 03 E8 00 55 00 1E 00 00 DA FC 
[RX] 02 17 12 18 00 00 00 00 00 00 05 00 15 00 00 03 E8 00 3B 91 97 AA 8A 
[RX] 02 17 C3 4F 00 09 C3 4F 00 0A 14 00 00 00 55 03 E8 00 00 00 55 00 CF 03 E8 00 55 00 1E 00 00 DA FC 
[RX] 02 17 12 18 00 00 00 00 00 00 05 00 15 00 00 03 E8 00 3B 91 97 AA 8A 
[RX] 02 17 C3 4F 00 09 C3 4F 00 0A 14 00 00 00 55 03 E8 00 00 00 55 00 CF 03 E8 00 55 00 1E 00 00 DA FC 
[RX] 02 17 12 18 00 00 00 00 00 00 05 00 15 00 00 03 E8 00 3B 91 97 AA 8A 
[RX] 02 17 C3 4F 00 09 C3 4F 00 0A 14 00 00 00 55 03 E8 00 00 00 55 00 CF 03 E8 00 55 00 1E 00 00 DA FC 
[RX] 02 17 12 18 00 00 00 00 00 00 05 00 14 00 00 03 E8 00 3B 91 97 A7 1A 
[RX] 02 17 C3 4F 00 09 C3 4F 00 0A 14 00 00 00 55 03 E8 00 00 00 55 00 CF 03 E8 00 55 00 1E 00 00 DA FC 
[RX] 02 17 12 18 00 00 00 00 00 00 05 00 14 00 00 03 E8 00 3B 91 97 A7 1A 
[RX] 02 17 C3 4F 00 09 C3 4F 00 0A 14 00 00 00 55 03 E8 00 00 00 55 00 CF 03 E8 00 55 00 1E 00 00 DA FC 
[RX] 02 17 12 18 00 00 00 00 00 00 05 00 14 00 00 03 E8 00 3B 91 97 A7 1A 
[RX] 02 17 C3 4F 00 09 C3 4F 00 0A 14 00 00 00 55 03 E8 00 00 00 55 00 CF 03 E8 00 55 00 1E 00 00 DA FC 
[RX] 02 17 12 18 00 00 00 00 00 00 05 00 14 00 00 03 E8 00 3B 91 97 A7 1A 
[RX] 02 17 C3 4F 00 09 C3 4F 00 0A 14 00 00 00 55 03 E8 00 00 00 55 00 CF 03 E8 00 55 00 1E 00 00 DA FC 
[RX] 02 17 12 18 00 00 00 00 00 00 05 00 14 00 00 03 E