[RX] 02 17 C3 4F 00 09 C3 4F 00 0A 14 FE 29 00 55 03 E8 00 00 00 55 00 CF 03 E8 00 55 00 1E 00 00 B3 6C 
[RX] 02 17 12 18 00 00 93 00 00 00 9D 00 95 00 00 03 E8 00 3B 91 97 CF 43 
[RX] 02 17 C3 4F 00 09 C3 4F 00 0A 14 FE 29 00 55 03 E8 00 00 00 55 00 CF 03 E8 00 55 00 1E 00 00 B3 6C 
[RX] 02 17 12 18 00 00 93 00 00 00 9D 00 95 00 00 03 E8 00 3B 91 97 CF 43 
[RX] 02 17 C3 4F 00 09 C3 4F 00 0A 14 FE 29 00 55 03 E8 00 00 00 55 00 CF 03 E8 00 55 00 1E 00 00 B3 6C 
[RX] 02 17 12 18 00 00 93 00 00 00 9D 00 95 00 00 03 E8 00 3B 91 97 CF 43 
[RX] 02 17 C3 4F 00 09 C3 4F 00 0A 14 FE 26 00 55 03 E8 00 00 00 55 00 CF 03 E8 00 55 00 1E 00 00 E4 79 
[RX] 02 17 12 18 00 00 93 00 00 00 9D 00 95 00 00 03 E8 00 3B 91 97 CF 43 
[RX] 02 17 C3 4F 00 09 C3 4F 00 0A 14 FE 26 00 55 03 E8 00 00 00 55 00 CF 03 E8 00 55 00 1E 00 00 E4 79 
[RX] 02 17 12 18 00 00 93 00 00 00 9D 00 95 00 00 03 E8 00 3B 91 97 CF 43 
[RX] 02 17 C3 4F 00 09 C3 4F 00 0A 14 FE 26 00 55 03 E8 00 00 00 55 00 CF 03 E8 00 55 00 1E 00 00 E4 79 
[RX] 02 17 12 18 00 00 93 00 00 00 9D 00 95 00 00 03 E8 00 3B 91 97 CF 43 
[RX] 02 17 C3 4F 00 09 C3 4F 00 0A 14 FE 26 00 55 03 E8 00 00 00 55 00 CF 03 E8 00 55 00 1E 00 00 E4 79 
[RX] 02 17 12 18 00 00 93 00 00 00 9D 00 95 00 00 03 E8 00 3B 91 97 CF 43 
[RX] 02 17 C3 4F 00 09 C3 4F 00 0A 14 FE 26 00 55 03 E8 00 00 00 55 00 CF 03 E8 00 55 00 1E 00 00 E4 79 
[RX] 02 17 12 18 00 00 93 00 00 00 9D 00 95 00 00 03 E8 00 3B 91 97 CF 43 
[RX] 02 17 C3 4F 00 09 C3 4F 00 0A 14 FE 27 00 55 03 E8 00 00 00 55 00 CF 03 E8 00 55 00 1E 00 00 D9 85 
[RX] 02 17 12 18 00 00 93 00 00 00 9D 00 95 00 00 03 E8 00 3B D1 97 CF 43 
[RX] 02 17 C3 4F 00 09 C3 4F 00 0A 14 FE 27 00 55 03 E8 00 00 00 55 00 CF 03 E8 00 55 00 1E 00 00 D9 85 
[RX] 02 17 12 18 00 00 93 00 00 00 9D 00 95 00 00 03 E8 00 3B 91 97 CF 43 
[RX] 02 17 C3 4F 00 09 C3 4F 00 0A 14 FE 27 00 55 03 E8 00 00 00 55 00 CF 03 E8 00 55 00 1E 00 00 D9 85 
[RX] 02 17 12 18 00 00 93 00 00 00 9D 00 95 00 00 03 E8 00 3B 91 97 CF 43 
[RX] 02 17 C3 4F 00 09 C3 4F 00 0A 14 FE 27 00 55 03 E8 00 00 00 55 00 CF 03 E8 00 55 00 1E 00 00 D9 85 
[RX] 02 17 12 18 00 00 93 00 00 00 9D 00 95 00 00 03 E8 00 3B 91 97 CF 43 
[RX] 02 17 C3 4F 00 09 C3 4F 00 0A 14 FE 26 00 55 03 E8 00 00 00 55 00 CF 03 E8 00 55 00 1E 00 00 E4 79 
[RX] 02 17 12 18 00 00 93 00 00 00 9D 00 95 00 00 03 E8 00 3B 91 97 CF 43 
[RX] 02 17 C3 4F 00 09 C3 4F 00 0A 14 FE 26 00 55 03 E8 00 00 00 55 00 CF 03 E8 00 55 00 1E 00 00 E4 79 
[RX] 02 17 12 18 00 00 92 00 00 00 9D 00 95 00 00 03 E8 00 3B 91 97 0E 43 
[RX] 02 17 C3 4F 00 09 C3 4F 00 0A 14 FE 26 00 55 03 E8 00 00 00 55 00 CF 03 E8 00 55 00 1E 00 00 E4 79 
[RX] 02 17 12 18 00 00 92 00 00 00 9D 00 95 00 00 03 E8 00 3B 91 97 0E 43 
[RX] 02 17 C3 4F 00 09 C3 4F 00 0A 14 FE 26 00 55 03 E8 00 00 00 55 00 CF 03 E8 00 55 00 1E 00 00 E4 79 
[RX] 02 17 12 18 00 00 92 00 00 00 9D 00 95 00 00 03 E8 00 3B 91 97 0E 43 
[RX] 02 17 C3 4F 00 09 C3 4F 00 0A 14 FE 26 00 55 03 E8 00 00 00 55 00 CF 03 E8 00 55 00 1E 00 00 E4 79 
[RX] 02 17 12 18 00 00 92 00 00 00 9D 00 95 00 00 03 E8 00 3B 91 97 0E 43 
[RX] 02 17 C3 4F 00 09 C3 4F 00 0A 14 FE 26 00 55 03 E8 00 00 00 55 00 CF 03 E8 00 55 00 1E 00 00 E4 79 
[RX] 02 17 12 18 00 00 92 00 00 00 9D 00 95 00 00 03 E8 00 3B 91 97 0E 43 
[RX] 02 17 C3 4F 00 09 C3 4F 00 0A 14 FE 26 00 55 03 E8 00 00 00 55 00 CF 03 E8 00 55 00 1E 00 00 E4 79 
[RX] 02 17 12 18 00 00 92 00 00 00 9D 00 95 00 00 03 E8 00 3B 91 97 0E 43 
[RX] 02 17 C3 4F 00 09 C3 4F 00 0A 14 FE 26 00 55 03 E8 00 00 00 55 00 CF 03 E8 00 55 00 1E 00 00 E4 79 
[RX] 02 17 12 18 00 00 92 00 00 00 9D 00 95 00 00 03 E8 00 3B 91 97 0E 43 
[RX] 02 17 C3 4F 00 09 C3 4F 00 0A 14 FE 26 00 55 03 E8 00 00 00 55 00 CF 03 E8 00 55 00 1E 00 00 E4 79 
[RX] 02 17 12 18 00 00 92 00 00 00 9D 00 95 00 00 03 E8 00 3B 91 97 0E 43 
[RX] 02 17 C3 4F 00 09 C3 4F 00 0A 14 FE 26 00 55 03 E8 00 00 00 55 00 CF 03 E8 00 55 00 1E 00 00 E4 79 
[RX] 02 17 12 18 00 00 93 00 00 00 9D 00 95 00 00 03 E8 00 3B 91 97 CF 43 
[RX] 02 17 C3 4F 00 09 C3 4F 00 0A 14 FE 28 00 55 03 E8 00 00 00 55 00 CF 03 E8 00 55 00 1E 00 00 8E 90 
[RX] 02 17 12 18 00 00 93 00 00 00 9D 00 95 00 00 03 E8 00 3B 91 97 CF 43 
[RX] 02 17 C3 4F 00 09 C3 4F 00 0A 14 FE 28 00 55 03 E8 00 00 00 55 00 CF 03 E8 00 55 00 1E 00 00 8E 90 
[RX] 02 17 12 18 00 00 93 00 00 00 9D 00 95 00 00 03 E8 00 3B 91 97 CF 43 
[RX] 02 17 C3 4F 00 09 C3 4F 00 0A 14 FE 28 00 55 03 E8 00 00 00 55 00 CF 03 E8 00 55 00 1E 00 00 8E 90 
[RX] 02 17 12 18 00 00 93 00 00 00 9D 00 95 00 00 03 E8 00 3B 91 97 CF 43 
[RX] 02 17 C3 4F 00 09 C3 4F 00 0A 14 FE 28 00 55 03 E8 00 00 00 55 00 CF 03 E8 00 55 00 1E 00 00 8E 90 
[RX] 02 17 12 18 00 00 93 00 00 00 9D 00 95 00 00 03 E8 00 3B 91 97 CF 43 
[RX] 02 17 C3 4F 00 09 C3 4F 00 0A 14 FE 28 00 55 03 E8 00 00 00 55 00 CF 03 E8 00 55 00 1E 00 00 8E 90 
[RX] 02 17 12 18 00 00 93 00 00 00 9D 00 95 00 00 03 E8 00 3B 91 97 CF 43 
[RX] 02 17 C3 4F 00 09 C3 4F 00 0A 14 FE 29 00 55 03 E8 00 00 00 55 00 CF 03 E8 00 55 00 1E 00 00 B3 6C 
[RX] 02 17 12 18 00 00 93 00 00 00 9D 00 95 00 00 03 E8 00 3B 91 97 CF 43 
[RX] 02 17 C3 4F 00 09 C3 4F 00 0A 14 FE 29 00 55 03 E8 00 00 00 55 00 CF 03 E8 00 55 00 1E 00 00 B3 6C 
[RX] 02 17 12 18 00 00 93 00 00 00 9D 00 95 00 00 03 E8 00 3B 91 97 CF 43 
[RX] 02 17 C3 4F 00 09 C3 4F 00 0A 14 FE 29 00 55 03 E8 00 00 00 55 00 CF 03 E8 00 55 00 1E 00 00 B3 6C 
[RX] 02 17 12 18 00 00 93 00 00 00 9D 00 95 00 00 03 E8 00 3B 91 97 CF 43 
[RX] 02 17 C3 4F 00 09 C3 4F 00 0A 14 FE 29 00 55 03 E8 00 00 00 55 00 CF 03 E8 00 55 00 1E 00 00 B3 6C 
[RX] 02 17 12 18 00 00 93 00 00 00 9D 00 95 00 00 03 E8 00 3B 91 97 CF 43 
[RX] 02 17 C3 4F 00 09 C3 4F 00 0A 14 FE 29 00 55 03 E8 00 00 00 55 00 CF 03 E8 00 55 00 1E 00 00 B3 6C 
[RX] 02 17 12 18 00 00 93 00 00 00 9D 00 95 00 00 03 E8 00 3B 91 97 CF 43 
[RX] 02 17 C3 4F 00 09 C3 4F 00 0A 14 FE 28 00 55 03 E8 00 00 00 55 00 CF 03 E8 00 55 00 1E 00 00 8E 90 
[RX] 02 17 12 18 00 00 93 00 00 00 9D 00 95 00 00 03 E8 00 3B 91 97 CF 43 
[RX] 02 17 C3 4F 00 09 C3 4F 00 0A 14 FE 28 00 55 03 E8 00 00 00 55 00 CF 03 E8 00 55 00 1E 00 00 8E 90 
[RX] 02 17 12 18 00 00 93 00 00 00 9D 00 95 00 00 03 E8 00 3B 91 97 CF 43 
[RX] 02 17 C3 4F 00 09 C3 4F 00 0A 14 FE 28 00 55 03 E8 00 00 00 55 00 CF 03 E8 00 55 00 1E 00 00 8E 90 
[RX] 02 17 12 18 00 00 93 00 00 00 9D 00 95 00 00 03 E8 00 3B 91 97 CF 43 
[RX] 02 17 C3 4F 00 09 C3 4F 00 0A 14 FE 28 00 55 03 E8 00 00 00 55 00 CF 03 E8 00 55 00 1E 00 00 8E 90 
[RX] 02 17 12 18 00 00 93 00 00 00 9D 00 95 00 00 03 E8 00 3B 91 97 CF 43 
[RX] 02 17 C3 4F 00 09 C3 4F 00 0A 14 FE 28 00 55 03 E8 00 00 00 55 00 CF 03 E8 00 55 00 1E 00 00 8E 90 
[RX] 02 17 12 18 00 00 93 00 00 00 9D 00 95 00 00 03 E8 00 3B 91 97 CF 43 
[RX] 02 17 C3 4F 00 09 C3 4F 00 0A 14 FE 28 00 55 03 E8 00 00 00 55 00 CF 03 E8 00 55 00 1E 00 00 8E 90 
[RX] 02 17 12 18 00 00 93 00 00 00 9D 00 95 00 00 03 E8 00 3B 91 97 CF 43 
[RX] 02 17 C3 4F 00 09 C3 4F 00 0A 14 FE 28 00 55 03 E8 00 00 00 55 00 CF 03 E8 00 55 00 1E 00 00 8E 90 
[RX] 02 17 12 18 00 00 93 00 00 00 9D 00 95 00 00 03 E8 00 3B 91 97 CF 43 
[RX] 02 17 C3 4F 00 09 C3 4F 00 0A 14 FE 28 00 55 03 E8 00 00 00 55 00 CF 03 E8 00 55 00 1E 00 00 8E 90 
[RX] 02 17 12 18 00 00 93 00 00 00 9D 00 95 00 00 03 E8 00 3B 91 97 CF 43 
[RX] 02 17 C3 4F 00 09 C3 4F 00 0A 14 FE 28 00 55 03 E8 00 00 00 55 00 CF 03 E8 00 55 00 1E 00 00 8E 90 
[RX] 02 17 12 18 00 00 93 00 00 00 9D 00 95 00 00 03 E8 00 3B 91 97 CF 43 
[RX] 02 17 C3 4F 00 09 C3 4F 00 0A 14 FE 28 00 55 03 E8 00 00 00 55 00 CF 03 E8 00 55 00 1E 00 00 8E 90 
[RX] 02 17 12 18 00 00 93 00 00 00 9D 00 95 00 00 03 E8 00 3B 91 97 CF 43 
[RX] 02 17 C3 4F 00 09 C3 4F 00 0A 14 FE 28 00 55 03 E8 00 00 00 55 00 CF 03 E8 00 55 00 1E 00 00 8E 90 
[RX] 02 17 12 18 00 00 93 00 00 00 9D 00 95 00 00 03 E8 00 3B 91 97 CF 43 
[RX] 02 17 C3 4F 00 09 C3 4F 00 0A 14 FE 28 00 55 03 E8 00 00 00 55 00 CF 03 E8 00 55 00 1E 00 00 8E 90 
[RX] 02 17 12 18 00 00 93 00 00 00 9D 00 95 00 00 03 E8 00 3B 91 97 CF 43 
[RX] 02 17 C3 4F 00 09 C3 4F 00 0A 14 FE 28 00 55 03 E8 00 00 00 55 00 CF 03 E8 00 55 00 1E 00 00 8E 90 
[RX] 02 17 12 18 00 00 93 00 00 00 9D 00 95 00 00 03 E8 00 3B 91 97 CF 43 
[RX] 02 17 C3 4F 00 09 C3 4F 00 0A 14 FE 28 00 55 03 E8 00 00 00 55 00 CF 03 E8 00 55 00 1E 00 00 8E 90 
[RX] 02 17 12 18 00 00 93 00 00 00 9D 00 95 00 00 03 E8 00 3B 91 97 CF 43 
[RX] 02 17 C3 4F 00 09 C3 4F 00 0A 14 FE 28 00 55 03 E8 00 00 00 55 00 CF 03 E8 00 55 00 1E 00 00 8E 90 
[RX] 02 17 12 18 00 00 93 00 00 00 9D 00 95 00 00 03 E8 00 3B 91 97 CF 43 
[RX] 02 17 C3 4F 00 09 C3 4F 00 0A 14 FE 28 00 55 03 E8 00 00 00 55 00 CF 03 E8 00 55 00 1E 00 00 8E 90 
[RX] 02 17 12 18 00 00 93 00 00 00 9D 00 95 00 00 03 E8 00 3B 91 97 CF 43 
[RX] 02 17 C3 4F 00 09 C3 4F 00 0A 14 FE 28 00 55 03 E8 00 00 00 55 00 CF 03 E8 00 55 00 1E 00 00 8E 90 
[RX] 02 17 12 18 00 00 93 00 00 00 9D 00 95 00 00 03 E8 00 3B 91 97 CF 43 
[RX] 02 17 C3 4F 00 09 C3 4F 00 0A 14 FE 28 00 55 03 E8 00 00 00 55 00 CF 03 E8 00 55 00 1E 00 00 8E 90 
[RX] 02 17 12 18 00 00 93 00 00 00 9D 00 95 00 00 03 E8 00 3B 91 97 CF 43 
[RX] 02 17 C3 4F 00 09 C3 4F 00 0A 14 FE 28 00 55 03 E8 00 00 00 55 00 CF 03 E8 00 55 00 1E 00 00 8E 90 
[RX] 02 17 12 18 00 00 93 00 00 00 9D 00 95 00 00 03 E8 00 3B 91 97 CF 43 
[RX] 02 17 C3 4F 00 09 C3 4F 00 0A 14 FE 27 00 55 03 E8 00 00 00 55 00 CF 03 E8 00 55 00 1E 00 00 D9 85 
[RX] 02 17 12 18 00 00 93 00 00 00 9D 00 95 00 00 03 E8 00 3B 91 97 CF 43 
[RX] 02 17 C3 4F 00 09 C3 4F 00 0A 14 FE 27 00 55 03 E8 00 00 00 55 00 CF 03 E8 00 55 00 1E 00 00 D9 85 
[RX] 02 17 12 18 00 00 93 00 00 00 9D 00 95 00 00 03 E8 00 3B 91 97 CF 43 
[RX] 02 17 C3 4F 00 09 C3 4F 00 0A 14 FE 27 00 55 03 E8 00 00 00 55 00 CF 03 E8 00 55 00 1E 00 00 D9 85 
[RX] 02 17 12 18 00 00 93 00 00 00 9D 00 95 00 00 03 E8 00 3B 91 97 CF 43 
[RX] 02 17 C3 4F 00 09 C3 4F 00 0A 14 FE 27 00 55 03 E8 00 00 00 55 00 CF 03 E8 00 55 00 1E 00 00 D9 85 
[RX] 02 17 12 18 00 00 93 00 00 00 9D 00 95 00 00 03 E8 00 3B 91 97 CF 43 
[RX] 02 17 C3 4F 00 09 C3 4F 00 0A 14 FE 27 00 55 03 E8 00 00 00 55 00 CF 03 E8 00 55 00 1E 00 00 D9 85 
[RX] 02 17 12 18 00 00 93 00 00 00 9D 00 95 00 00 03 E8 00 3B 91 97 CF 43 
[RX] 02 17 C3 4F 00 09 C3 4F 00 0A 14 FE 27 00 55 03 E8 00 00 00 55 00 CF 03 E8 00 55 00 1E 00 00 D9 85 
[RX] 02 17 12 18 00 00 93 00 00 00 9D 00 95 00 00 03 E8 00 3B 91 97 CF 43 
[RX] 02 17 C3 4F 00 09 C3 4F 00 0A 14 FE 27 00 55 03 E8 00 00 00 55 00 CF 03 E8 00 55 00 1E 00 00 D9 85 
[RX] 02 17 12 18 00 00 93 00 00 00 9D 00 95 00 00 03 E8 00 3B 91 97 CF 43 
[RX] 02 17 C3 4F 00 09 C3 4F 00 0A 14 FE 27 00 55 03 E8 00 00 00 55 00 CF 03 E8 00 55 00 1E 00 00 D9 85 
[RX] 02 17 12 18 00 00 92 00 00 00 9D 00 95 00 00 03 E8 00 3B 91 97 0E 43 
[RX] 02 17 C3 4F 00 09 C3 4F 00 0A 14 FE 27 00 55 03 E8 00 00 00 55 00 CF 03 E8 00 55 00 1E 00 00 D9 85 
[RX] 02 17 12 18 00 00 92 00 00 00 9D 00 95 00 00 03 E8 00 3B 91 97 0E 43 
[RX] 02 17 C3 4F 00 09 C3 4F 00 0A 14 FE 27 00 55 03 E8 00 00 00 55 00 CF 03 E8 00 55 00 1E 00 00 D9 85 
[RX] 02 17 12 18 00 00 92 00 00 00 9D 00 95 00 00 03 E8 00 3B 91 97 0E 43 
[RX] 02 17 C3 4F 00 09 C3 4F 00 0A 14 FE 28 00 55 03 E8 00 00 00 55 00 CF 03 E8 00 55 00 1E 00 00 8E 90 
[RX] 02 17 12 18 00 00 92 00 00 00 9D 00 95 00 00 03 E8 00 3B 91 97 0E 43 
[RX] 02 17 C3 4F 00 09 C3 4F 00 0A 14 FE 28 00 55 03 E8 00 00 00 55 00 CF 03 E8 00 55 00 1E 00 00 8E 90 
[RX] 02 17 12 18 00 00 93 00 00 00 9D 00 96 00 00 03 E8 00 3B 91 97 DB B3 
[RX] 02 17 C3 4F 00 09 C3 4F 00 0A 14 FE 28 00 55 03 E8 00 00 00 55 00 CF 03 E8 00 55 00 1E 00 00 8E 90 
[RX] 02 17 12 18 00 00 93 00 00 00 9D 00 96 00 00 03 E8 00 3B 91 97 DB B3 
[RX] 02 17 C3 4F 00 09 C3 4F 00 0A 14 FE 28 00 55 03 E8 00 00 00 55 00 CF 03 E8 00 55 00 1E 00 00 8E 90 
[RX] 02 17 12 18 00 00 93 00 00 00 9D 00 96 00 00 03 E8 00 3B 91 97 DB B3 
[RX] 02 17 C3 4F 00 09 C3 4F 00 0A 14 FE 2A 00 55 03 E8 00 00 00 55 00 CF 03 E8 00 55 00 1E 00 00 F7 28 
[RX] 02 17 12 18 00 00 93 00 00 00 9D 00 96 00 00 03 E8 00 3B 91 97 DB B3 
[RX] 02 17 C3 4F 00 09 C3 4F 00 0A 14 FE 2A 00 55 03 E8 00 00 00 55 00 CF 03 E8 00 55 00 1E 00 00 F7 28 
[RX] 02 17 12 18 00 00 93 00 00 00 9D 00 96 00 00 03 E8 00 3B 91 97 DB B3 
[RX] 02 17 C3 4F 00 09 C3 4F 00 0A 14 FE 2A 00 55 03 E8 00 00 00 55 00 CF 03 E8 00 55 00 1E 00 00 F7 28 
[RX] 02 17 12 18 00 00 93 00 00 00 9D 00 96 00 00 03 E8 00 3B 91 97 DB B3 
[RX] 02 17 C3 4F 00 09 C3 4F 00 0A 14 FE 2A 00 55 03 E8 00 00 00 55 00 CF 03 E8 00 55 00 1E 00 00 F7 28 
[RX] 02 17 12 18 00 00 93 00 00 00 9D 00 96 00 00 03 E8 00 3B 91 97 DB B3 
[RX] 02 17 C3 4F 00 09 C3 4F 00 0A 14 FE 2A 00 55 03 E8 00 00 00 55 00 CF 03 E8 00 55 00 1E 00 00 F7 28 
[RX] 02 17 12 18 00 00 93 00 00 00 9D 00 96 00 00 03 E8 00 3B 91 97 DB B3 
[RX] 02 17 C3 4F 00 09 C3 4F 00 0A 14 FE 2A 00 55 03 E8 00 00 00 55 00 CF 03 E8 00 55 00 1E 00 00 F7 28 
[RX] 02 17 12 18 00 00 93 00 00 00 9D 00 96 00 00 03 E8 00 3B 91 97 DB B3 
[RX] 02 17 C3 4F 00 09 C3 4F 00 0A 14 FE 2A 00 55 03 E8 00 00 00 55 00 CF 03 E8 00 55 00 1E 00 00 F7 28 
[RX] 02 17 12 18 00 00 92 00 00 00 9D 00 95 00 00 03 E8 00 3B 91 97 0E 43 
[RX] 02 17 C3 4F 00 09 C3 4F 00 0A 14 FE 2A 00 55 03 E8 00 00 00 55 00 CF 03 E8 00 55 00 1E 00 00 F7 28 
[RX] 02 17 12 18 00 00 92 00 00 00 9D 00 95 00 00 03 E8 00 3B 91 97 0E 43 
[RX] 02 17 C3 4F 00 09 C3 4F 00 0A 14 FE 28 00 55 03 E8 00 00 00 55 00 CF 03 E8 00 55 00 1E 00 00 8E 90 
[RX] 02 17 12 18 00 00 92 00 00 00 9D 00 95 00 00 03 E8 00 3B 91 97 0E 43 
[RX] 02 17 C3 4F 00 09 C3 4F 00 0A 14 FE 28 00 55 03 E8 00 00 00 55 00 CF 03 E8 00 55 00 1E 00 00 8E 90 
[RX] 02 17 12 18 00 00 92 00 00 00 9D 00 95 00 00 03 E8 00 3B 91 97 0E 43 
[RX] 02 17 C3 4F 00 09 C3 4F 00 0A 14 FE 28 00 55 03 E8 00 00 00 55 00 CF 03 E8 00 55 00 1E 00 00 8E 90 
[RX] 02 17 12 18 00 00 92 00 00 00 9D 00 95 00 00 03 E8 00 3B 91 97 0E 43 
[RX] 02 17 C3 4F 00 09 C3 4F 00 0A 14 FE 28 00 55 03 E8 00 00 00 55 00 CF 03 E8 00 55 00 1E 00 00 8E 90 
[RX] 02 17 12 18 00 00 92 00 00 00 9D 00 95 00 00 03 E8 00 3B 91 97 0E 43 
[RX] 02 17 C3 4F 00 09 C3 4F 00 0A 14 FE 28 00 55 03 E8 00 00 00 55 00 CF 03 E8 00 55 00 1E 00 00 8E 90 
[RX] 02 17 12 18 00 00 92 00 00 00 9D 00 95 00 00 03 E8 00 3B 91 97 0E 43 
[RX] 02 17 C3 4F 00 09 C3 4F 00 0A 14 FE 26 00 55 03 E8 00 00 00 55 00 CF 03 E8 00 55 00 1E 00 00 E4 79 
[RX] 02 17 12 18 00 00 92 00 00 00 9D 00 95 00 00 03 E8 00 3B 91 97 0E 43 
[RX] 02 17 C3 4F 00 09 C3 4F 00 0A 14 FE 26 00 55 03 E8 00 00 00 55 00 CF 03 E8 00 55 00 1E 00 00 E4 79 
[RX] 02 17 12 18 00 00 92 00 00 00 9D 00 95 00 00 03 E8 00 3B 91 97 0E 43 
[RX] 02 17 C3 4F 00 09 C3 4F 00 0A 14 FE 26 00 55 03 E8 00 00 00 55 00 CF 03 E8 00 55 00 1E 00 00 E4 79 
[RX] 02 17 12 18 00 00 92 00 00 00 9D 00 95 00 00 03 E8 00 3B 91 97 0E 43 
[RX] 02 17 C3 4F 00 09 C3 4F 00 0A 14 FE 26 00 55 03 E8 00 00 00 55 00 CF 03 E8 00 55 00 1E 00 00 E4 79 
[RX] 02 17 12 18 00 00 92 00 00 00 9D 00 95 00 00 03 E8 00 3B 91 97 0E 43 
[RX] 02 17 C3 4F 00 09 C3 4F 00 0A 14 FE 26 00 55 03 E8 00 00 00 55 00 CF 03 E8 00 55 00 1E 00 00 E4 79 
[RX] 02 17 12 18 00 00 92 00 00 00 9D 00 95 00 00 03 E8 00 3B 91 97 0E 43 
[RX] 02 17 C3 4F 00 09 C3 4F 00 0A 14 FE 26 00 55 03 E8 00 00 00 55 00 CF 03 E8 00 55 00 1E 00 00 E4 79 
[RX] 02 17 12 18 00 00 93 00 00 00 9E 00 96 00 00 03 E8 00 3B 91 97 D4 F7 
[RX] 02 17 C3 4F 00 09 C3 4F 00 0A 14 FE 26 00 55 03 E8 00 00 00 55 00 CF 03 E8 00 55 00 1E 00 00 E4 79 
[RX] 02 17 12 18 00 00 93 00 00 00 9E 00 96 00 00 03 E8 00 3B 91 97 D4 F7 
[RX] 02 17 C3 4F 00 09 C3 4F 00 0A 14 FE 26 00 55 03 E8 00 00 00 55 00 CF 03 E8 00 55 00 1E 00 00 E4 79 
[RX] 02 17 12 18 00 00 93 00 00 00 9E 00 96 00 00 03 E8 00 3B 91 97 D4 F7 
[RX] 02 17 C3 4F 00 09 C3 4F 00 0A 14 FE 26 00 55 03 E8 00 00 00 55 00 CF 03 E8 00 55 00 1E 00 00 E4 79 
[RX] 02 17 12 18 00 00 93 00 00 00 9E 00 96 00 00 03 E8 00 3B 91 97 D4 F7 
[RX] 02 17 C3 4F 00 09 C3 4F 00 0A 14 FE 26 00 55 03 E8 00 00 00 55 00 CF 03 E8 00 55 00 1E 00 00 E4 79 
[RX] 02 17 12 18 00 00 93 00 00 00 9E 00 96 00 00 03 E8 00 3B 91 97 D4 F7 
[RX] 02 17 C3 4F 00 09 C3 4F 00 0A 14 FE 26 00 55 03 E8 00 00 00 55 00 CF 03 E8 00 55 00 1E 00 00 E4 79 
[RX] 02 17 12 18 00 00 93 00 00 00 9E 00 96 00 00 03 E8 00 3B 91 97 D4 F7 
[RX] 02 17 C3 4F 00 09 C3 4F 00 0A 14 FE 26 00 55 03 E8 00 00 00 55 00 CF 03 E8 00 55 00 1E 00 00 E4 79 
[RX] 02 17 12 18 00 00 94 00 00 00 9E 00 96 00 00 03 E8 00 3B 91 97 93 F5 
[RX] 02 17 C3 4F 00 09 C3 4F 00 0A 14 FE 28 00 55 03 E8 00 00 00 55 00 CF 03 E8 00 55 00 1E 00 00 8E 90 
[RX] 02 17 12 18 00 00 94 00 00 00 9E 00 96 00 00 03 E8 00 3B 91 97 93 F5 
[RX] 02 17 C3 4F 00 09 C3 4F 00 0A 14 FE 28 00 55 03 E8 00 00 00 55 00 CF 03 E8 00 55 00 1E 00 00 8E 90 
[RX] 02 17 12 18 00 00 94 00 00 00 9E 00 96 00 00 03 E8 00 3B 91 97 93 F5 
[RX] 02 17 C3 4F 00 09 C3 4F 00 0A 14 FE 28 00 55 03 E8 00 00 00 55 00 CF 03 E8 00 55 00 1E 00 00 8E 90 
[RX] 02 17 12 18 00 00 94 00 00 00 9E 00 96 00 00 03 E8 00 3B 91 97 93 F5 
[RX] 02 17 C3 4F 00 09 C3 4F 00 0A 14 FE 28 00 55 03 E8 00 00 00 55 00 CF 03 E8 00 55 00 1E 00 00 8E 90 
[RX] 02 17 12 18 00 00 94 00 00 00 9E 00 96 00 00 03 E8 00 3B 91 97 93 F5 
[RX] 02 17 C3 4F 00 09 C3 4F 00 0A 14 FE 28 00 55 03 E8 00 00 00 55 00 CF 03 E8 00 55 00 1E 00 00 8E 90 
[RX] 02 17 12 18 00 00 94 00 00 00 9E 00 96 00 00 03 E8 00 3B 91 97 93 F5 
[RX] 02 17 C3 4F 00 09 C3 4F 00 0A 14 FE 28 00 55 03 E8 00 00 00 55 00 CF 03 E8 00 55 00 1E 00 00 8E 90 
[RX] 02 17 12 18 00 00 94 00 00 00 9E 00 96 00 00 03 E8 00 3B 91 97 93 F5 
[RX] 02 17 C3 4F 00 09 C3 4F 00 0A 14 FE 27 00 55 03 E8 00 00 00 55 00 CF 03 E8 00 55 00 1E 00 00 D9 85 
[RX] 02 17 12 18 00 00 94 00 00 00 9E 00 96 00 00 03 E8 00 3B 91 97 93 F5 
[RX] 02 17 C3 4F 00 09 C3 4F 00 0A 14 FE 27 00 55 03 E8 00 00 00 55 00 CF 03 E8 00 55 00 1E 00 00 D9 85 
[RX] 02 17 12 18 00 00 94 00 00 00 9E 00 96 00 00 03 E8 00 3B 91 97 93 F5 
[RX] 02 17 C3 4F 00 09 C3 4F 00 0A 14 00 00 00 55 03 E8 00 00 00 55 00 CF 03 E8 00 55 00 1E 00 00 DA FC 
[RX] 02 17 12 18 00 00 94 00 00 00 9E 00 96 00 00 03 E8 00 3B 91 97 93 F5 
[RX] 02 17 C3 4F 00 09 C3 4F 00 0A 14 00 00 00 55 03 E8 00 00 00 55 00 CF 03 E8 00 55 00 1E 00 00 DA FC 
[RX] 02 17 12 18 00 00 93 00 00 00 9E 00 95 00 00 03 E8 00 3B 91 97 C0 07 
[RX] 02 17 C3 4F 00 09 C3 4F 00 0A 14 00 00 00 55 03 E8 00 00 00 55 00 CF 03 E8 00 55 00 1E 00 00 DA FC 
[RX] 02 17 12 18 00 00 93 00 00 00 9E 00 95 00 00 03 E8 00 3B 91 97 C0 07 
[RX] 02 17 C3 4F 00 09 C3 4F 00 0A 14 00 00 00 55 03 E8 00 00 00 55 00 CF 03 E8 00 55 00 1E 00 00 DA FC 
[RX] 02 17 12 18 00 00 93 00 00 00 9E 00 95 00 00 03 E8 00 3B 91 97 C0 07 
[RX] 02 17 C3 4F 00 09 C3 4F 00 0A 14 00 00 00 55 03 E8 00 00 00 55 00 CF 03 E8 00 55 00 1E 00 00 DA FC 
[RX] 02 17 12 18 00 00 93 00 00 00 9E 00 95 00 00 03 E8 00 3B 91 97 C0 07 
[RX] 02 17 C3 4F 00 09 C3 4F 00 0A 14 00 00 00 55 03 E8 00 00 00 55 00 CF 03 E8 00 55 00 1E 00 00 DA FC 
[RX] 02 17 12 18 00 00 93 00 00 00 9E 00 95 00 00 03 E8 00 3B 91 97 C0 07 
[RX] 02 17 C3 4F 00 09 C3 4F 00 0A 14 00 00 00 55 03 E8 00 00 00 55 00 CF 03 E8 00 55 00 1E 00 00 DA FC 
[RX] 02 17 12 18 00 00 93 00 00 00 9E 00 95 00 00 03 E8 00 3B 91 97 C0 07 
[RX] 02 17 C3 4F 00 09 C3 4F 00 0A 14 00 00 00 55 03 E8 00 00 00 55 00 CF 03 E8 00 55 00 1E 00 00 DA FC 
[RX] 02 17 12 18 00 00 93 00 00 00 9E 00 95 00 00 03 E8 00 3B 91 97 C0 07 
[RX] 02 17 C3 4F 00 09 C3 4F 00 0A 14 00 00 00 55 03 E8 00 00 00 55 00 CF 03 E8 00 55 00 1E 00 00 DA FC 
[RX] 02 17 12 18 00 00 93 00 00 00 9E 00 95 00 00 03 E8 00 3B 91 97 C0 07 
[RX] 02 17 C3 4F 00 09 C3 4F 00 0A 14 00 00 00 55 03 E8 00 00 00 55 00 CF 03 E8 00 55 00 1E 00 00 DA FC 
[RX] 02 17 12 18 00 00 94 00 00 00 9E 00 96 00 00 03 E8 00 3B 91 97 93 F5 
[RX] 02 17 C3 4F 00 09 C3 4F 00 0A 14 00 00 00 55 03 E8 00 00 00 55 00 CF 03 E8 00 55 00 1E 00 00 DA FC 
[RX] 02 17 12 18 00 00 94 00 00 00 9E 00 96 00 00 03 E8 00 3B 91 97 93 F5 
[RX] 02 17 C3 4F 00 09 C3 4F 00 0A 14 00 00 00 55 03 E8 00 00 00 55 00 CF 03 E8 00 55 00 1E 00 00 DA FC 
[RX] 02 17 12 18 00 00 94 00 00 00 9E 00 96 00 00 03 E8 00 3B 91 97 93 F5 
[RX] 02 17 C3 4F 00 09 C3 4F 00 0A 14 00 00 00 55 03 E8 00 00 00 55 00 CF 03 E8 00 55 00 1E 00 00 DA FC 
[RX] 02 17 12 18 00 00 94 00 00 00 9E 00 96 00 00 03 E8 00 3B 91 97 93 F5 
[RX] 02 17 C3 4F 00 09 C3 4F 00 0A 14 00 00 00 55 03 E8 00 00 00 55 00 CF 03 E8 00 55 00 1E 00 00 DA FC 
[RX] 02 17 12 18 00 00 94 00 00 00 9E 00 96 00 00 03 E8 00 3B 91 97 93 F5 
[RX] 02 17 C3 4F 00 09 C3 4F 00 0A 14 00 00 00 55 03 E8 00 00 00 55 00 CF 03 E8 00 55 00 1E 00 00 DA FC 
[RX] 02 17 12 18 00 00 94 00 00 00 9E 00 96 00 00 03 E8 00 3B 91 97 93 F5 
[RX] 02 17 C3 4F 00 09 C3 4F 00 0A 14 00 00 00 55 03 E8 00 00 00 55 00 CF 03 E8 00 55 00 1E 00 00 DA FC 
[RX] 02 17 12 18 00 00 91 00 00 00 9D 00 93 00 00 03 E8 00 3B 91 97 66 E2 
[RX] 02 17 C3 4F 00 09 C3 4F 00 0A 14 00 00 00 55 03 E8 00 00 00 55 00 CF 03 E8 00 55 00 1E 00 00 DA FC 
[RX] 02 17 12 18 00 00 91 00 00 00 9D 00 93 00 00 03 E8 00 3B 91 97 66 E2 
[RX] 02 17 C3 4F 00 09 C3 4F 00 0A 14 00 00 00 55 03 E8 00 00 00 55 00 CF 03 E8 00 55 00 1E 00 00 DA FC 
[RX] 02 17 12 18 00 00 91 00 00 00 9D 00 93 00 00 03 E8 00 3B 91 97 66 E2 
[RX] 02 17 C3 4F 00 09 C3 4F 00 0A 14 00 00 00 55 03 E8 00 00 00 55 00 CF 03 E8 00 55 00 1E 00 00 DA FC 
[RX] 02 17 12 18 00 00 91 00 00 00 9D 00 93 00 00 03 E8 00 3B 91 97 66 E2 
[RX] 02 17 C3 4F 00 09 C3 4F 00 0A 14 00 00 00 55 03 E8 00 00 00 55 00 CF 03 E8 00 55 00 1E 00 00 DA FC 
[RX] 02 17 12 18 00 00 91 00 00 00 9D 00 93 00 00 03 E8 00 3B 91 97 66 E2 
[RX] 02 17 C3 4F 00 09 C3 4F 00 0A 14 00 00 00 55 03 E8 00 00 00 55 00 CF 03 E8 00 55 00 1E 00 00 DA FC 
[RX] 02 17 12 18 00 00 91 00 00 00 9D 00 93 00 00 03 E8 00 3B 91 97 66 E2 
[RX] 02 17 C3 4F 00 09 C3 4F 00 0A 14 00 00 00 55 03 E8 00 00 00 55 00 CF 03 E8 00 55 00 1E 00 00 DA FC 
[RX] 02 17 12 18 00 00 91 00 00 00 9D 00 93 00 00 03 E8 00 3B 91 97 66 E2 
[RX] 02 17 C3 4F 00 09 C3 4F 00 0A 14 00 00 00 55 03 E8 00 00 00 55 00 CF 03 E8 00 