55 03 E8 00 00 00 55 00 CF 03 E8 00 55 00 1E 00 00 DA FC 
402.797 [RX] 02 17 12 18 00 00 00 00 00 00 05 00 17 00 00 03 E8 00 3B 9B EE 74 A8 
402.855 [RX] 02 17 C3 4F 00 09 C3 4F 00 0A 14 00 00 00 55 03 E8 00 00 00 55 00 CF 03 E8 00 55 00 1E 00 00 DA FC 
402.906 [RX] 02 17 12 18 00 00 00 00 00 00 05 00 17 00 00 03 E8 00 3B 9B EE 74 A8 
402.938 [RX] 02 17 C3 4F 00 09 C3 4F 00 0A 14 00 00 00 55 03 E8 00 00 00 55 00 CF 03 E8 00 55 00 1E 00 00 DA FC 
402.990 [RX] 02 17 12 18 00 00 00 00 00 00 05 00 17 00 00 03 E8 00 3B 9B EE 74 A8 
403.039 [RX] 02 17 C3 4F 00 09 C3 4F 00 0A 14 00 00 00 55 03 E8 00 00 00 55 00 CF 03 E8 00 55 00 1E 00 00 DA FC 
403.108 [RX] 02 17 12 18 00 00 00 00 00 00 05 00 17 00 00 03 E8 00 3B 9B EE 74 A8 
403.144 [RX] 02 17 C3 4F 00 09 C3 4F 00 0A 14 00 00 00 55 03 E8 00 00 00 55 00 CF 03 E8 00 55 00 1E 00 00 DA FC 
403.192 [RX] 02 17 12 18 00 00 00 00 00 00 05 00 17 00 00 03 E8 00 3B 9B EE 74 A8 
403.249 [RX] 02 17 C3 4F 00 09 C3 4F 00 0A 14 00 00 00 55 03 E8 00 00 00 55 00 CF 03 E8 00 55 00 1E 00 00 DA FC 
403.300 [RX] 02 17 12 18 00 00 00 00 00 00 05 00 17 00 00 03 E8 00 3B 9B EE 74 A8 
403.355 [RX] 02 17 C3 4F 00 09 C3 4F 00 0A 14 00 00 00 55 03 E8 00 00 00 55 00 CF 03 E8 00 55 00 1E 00 00 DA FC 
403.410 [RX] 02 17 12 18 00 00 00 00 00 00 05 00 17 00 00 03 E8 00 3B 9B EE 74 A8 02 17 C3 4F 00 09 C3 4F 00 0A 14 00 00 00 55 03 E8 00 00 00 55 00 CF 03 E8 00 55 00 1E 00 00 DA FC 
403.493 [RX] 02 17 12 18 00 00 00 00 00 00 05 00 17 00 00 03 E8 00 3B 9B EE 74 A8 
403.543 [RX] 02 17 C3 4F 00 09 C3 4F 00 0A 14 00 00 00 55 03 E8 00 00 00 55 00 CF 03 E8 00 55 00 1E 00 00 DA FC 
403.612 [RX] 02 17 12 18 00 00 00 00 00 00 05 00 17 00 00 03 E8 00 3B 9B EE 74 A8 
403.648 [RX] 02 17 C3 4F 00 09 C3 4F 00 0A 14 00 00 00 55 03 E8 00 00 00 55 00 CF 03 E8 00 55 00 1E 00 00 DA FC 
403.696 [RX] 02 17 12 18 00 00 00 00 00 00 05 00 17 00 00 03 E8 00 3B 9B EE 74 A8 
403.738 [RX] 02 17 C3 4F 00 09 C3 4F 00 0A 14 00 00 00 55 03 E8 00 00 00 55 00 CF 03 E8 00 55 00 1E 00 00 DA FC 
403.780 [RX] 02 17 12 18 00 00 00 00 00 00 05 00 17 00 00 03 E8 00 3B 9B EE 74 A8 
403.843 [RX] 02 17 C3 4F 00 09 C3 4F 00 0A 14 00 00 00 55 03 E8 00 00 00 55 00 CF 03 E8 00 55 00 1E 00 00 DA FC 
403.889 [RX] 02 17 12 18 00 00 00 00 00 00 05 00 16 00 00 03 E8 00 3B 9B EE 79 38 
403.942 [RX] 02 17 C3 4F 00 09 C3 4F 00 0A 14 00 00 00 55 03 E8 00 00 00 55 00 CF 03 E8 00 55 00 1E 00 00 DA FC 
403.997 [RX] 02 17 12 18 00 00 00 00 00 00 05 00 16 00 00 03 E8 00 3B 9B EE 79 38 
404.047 [RX] 02 17 C3 4F 00 09 C3 4F 00 0A 14 00 00 00 55 03 E8 00 00 00 55 00 CF 03 E8 00 55 00 1E 00 00 DA FC 
404.116 [RX] 02 17 12 18 00 00 00 00 00 00 05 00 16 00 00 03 E8 00 3B 9B EE 7D 9F C3 4F 00 09 C3 4F 00 0A 14 00 00 00 55 03 E8 00 00 00 55 00 CF 03 E8 00 55 00 1E 00 00 DA FC 
404.238 [RX] 02 17 C3 4F 00 09 C3 4F 00 0A 14 00 00 00 55 03 E8 00 00 00 55 00 CF 03 E8 00 55 00 1E 00 00 DA FC 
404.284 [RX] 02 17 12 18 00 00 00 00 00 00 05 00 16 00 00 03 E8 00 3B 9B EE 79 38 
404.346 [RX] 02 17 C3 4F 00 09 C3 4F 00 0A 14 00 00 00 55 03 E8 00 00 00 55 00 CF 03 E8 00 55 00 1E 00 00 DA FC 
404.392 [RX] 02 17 12 18 00 00 00 00 00 00 05 00 16 00 00 03 E8 00 3B 9B EE 79 38 
404.446 [RX] 02 17 C3 4F 00 09 C3 4F 00 0A 14 00 00 00 55 03 E8 00 00 00 55 00 CF 03 E8 00 55 00 1E 00 00 DA FC 
404.502 [RX] 02 17 12 18 00 00 00 00 00 00 05 00 16 00 00 03 E8 00 3B 9B EE 79 38 
404.539 [RX] 02 17 C3 4F 00 09 C3 4F 00 0A 14 00 00 00 55 03 E8 00 00 00 55 00 CF 03 E8 00 55 00 1E 00 00 DA FC 
404.585 [RX] 02 17 12 18 00 00 00 00 00 00 05 00 16 00 00 03 E8 00 3B 9B EE 79 38 
404.638 [RX] 02 17 C3 4F 00 09 C3 4F 00 0A 14 00 00 00 55 03 E8 00 00 00 55 00 CF 03 E8 00 55 00 1E 00 00 DA FC 
404.704 [RX] 02 17 12 18 00 00 00 00 00 00 05 00 16 00 00 03 E8 00 3B 9B EE 79 38 
404.740 [RX] 02 17 C3 4F 00 09 C3 4F 00 0A 14 00 00 00 55 03 E8 00 00 00 55 00 CF 03 E8 00 55 00 1E 00 00 DA FC 
404.788 [RX] 02 17 12 18 00 00 00 00 00 00 05 00 16 00 00 03 E8 00 3B 9B EE 79 38 
404.850 [RX] 02 17 C3 4F 00 09 C3 4F 00 0A 14 00 00 00 55 03 E8 00 00 00 55 00 CF 03 E8 00 55 00 1E 00 00 DA FC 
404.897 [RX] 02 17 12 18 00 00 00 00 00 00 05 00 16 00 00 03 E8 00 3B 9B EE 79 38 
404.950 [RX] 02 17 C3 4F 00 09 C3 4F 00 0A 14 00 00 00 55 03 E8 00 00 00 55 00 CF 03 E8 00 55 00 1E 00 00 DA FC 
405.005 [RX] 02 17 12 18 00 00 00 00 00 00 05 00 16 00 00 03 E8 00 3B 9B EE 79 38 
405.038 [RX] 02 17 C3 4F 00 09 C3 4F 00 0A 14 00 00 00 55 03 E8 00 00 00 55 00 CF 03 E8 00 55 00 1E 00 00 DA FC 
405.089 [RX] 02 17 12 18 00 00 00 00 00 00 05 00 16 00 00 03 E8 00 3B 9B EE 79 38 
405.139 [RX] 02 17 C3 4F 00 09 C3 4F 00 0A 14 00 00 00 55 03 E8 00 00 00 55 00 CF 03 E8 00 55 00 1E 00 00 DA FC 
405.208 [RX] 02 17 12 18 00 00 00 00 00 00 05 00 16 00 00 03 E8 00 3B 9B EE 79 38 
405.244 [RX] 02 17 C3 4F 00 09 C3 4F 00 0A 14 00 00 00 55 03 E8 00 00 00 55 00 CF 03 E8 00 55 00 1E 00 00 DA FC 
405.292 [RX] 02 17 12 18 00 00 00 00 00 00 05 00 16 00 00 03 E8 00 3B 9B EE 79 38 
405.355 [RX] 02 17 C3 4F 00 09 C3 4F 00 0A 14 00 00 00 55 03 E8 00 00 00 55 00 CF 03 E8 00 55 00 1E 00 00 DA FC 
405.400 [RX] 02 17 12 18 00 00 00 00 00 00 05 00 16 00 00 03 E8 00 3B 9B EE 79 38 
405.438 [RX] 02 17 C3 4F 00 09 C3 4F 00 0A 14 00 00 00 55 03 E8 00 00 00 55 00 CF 03 E8 00 55 00 1E 00 00 DA FC 
405.484 [RX] 02 17 12 18 00 00 00 00 00 00 05 00 16 00 00 03 E8 00 3B 9B EE 79 38 
405.538 [RX] 02 17 C3 4F 00 09 C3 4F 00 0A 14 00 00 00 55 03 E8 00 00 00 55 00 CF 03 E8 00 55 00 1E 00 00 DA FC 
405.593 [RX] 02 17 12 18 00 00 00 00 00 00 05 00 17 00 00 03 E8 00 3B 9B EE 74 A8 
405.643 [RX] 02 17 C3 4F 00 09 C3 4F 00 0A 14 00 00 00 55 03 E8 00 00 00 55 00 CF 03 E8 00 55 00 1E 00 00 DA FC 
405.712 [RX] 02 17 12 18 00 00 00 00 00 00 05 00 17 00 00 03 E8 00 3B 9B EE 74 A8 
405.748 [RX] 02 17 C3 4F 00 09 C3 4F 00 0A 14 00 00 00 55 03 E8 00 00 00 55 00 CF 03 E8 00 55 00 1E 00 00 DA FC 
405.796 [RX] 02 17 12 18 00 00 00 00 00 00 05 00 17 00 00 03 E8 00 3B 9B EE 74 A8 
405.855 [RX] 02 17 C3 4F 00 09 C3 4F 00 0A 14 00 00 00 55 03 E8 00 00 00 55 00 CF 03 E8 00 55 00 1E 00 00 DA FC 
405.905 [RX] 02 17 12 18 00 00 00 00 00 00 05 00 17 00 00 03 E8 00 3B 9B EE 74 A8 
405.938 [RX] 02 17 C3 4F 00 09 C3 4F 00 0A 14 00 00 00 55 03 E8 00 00 00 55 00 CF 03 E8 00 55 00 1E 00 00 DA FC 
405.989 [RX] 02 17 12 18 00 00 00 00 00 00 05 00 17 00 00 03 E8 00 3B 9B EE 74 A8 
406.042 [RX] 02 17 C3 4F 00 09 C3 4F 00 0A 14 00 00 00 55 03 E8 00 00 00 55 00 CF 03 E8 00 55 00 1E 00 00 DA FC 
406.097 [RX] 02 17 12 18 00 00 00 00 00 00 05 00 17 00 00 03 E8 00 3B 9B EE 74 A8 
406.147 [RX] 02 17 C3 4F 00 09 C3 4F 00 0A 14 00 00 00 55 03 E8 00 00 00 55 00 CF 03 E8 00 55 00 1E 00 00 DA FC 
406.216 [RX] 02 17 12 18 00 00 00 00 00 00 05 00 19 00 00 03 E8 00 3B 9B EE 9E F7 C3 4F 00 09 C3 4F 00 0A 14 00 00 00 55 03 E8 00 00 00 55 00 CF 03 E8 00 55 00 1E 00 00 DA FC 
406.343 [RX] 02 17 C3 4F 00 09 C3 4F 00 0A 14 00 00 00 55 03 E8 00 00 00 55 00 CF 03 E8 00 55 00 1E 00 00 DA FC 
406.384 [RX] 02 17 12 18 00 00 00 00 00 00 05 00 19 00 00 03 E8 00 3B 9B EE 38 C8 
406.441 [RX] 02 17 C3 4F 00 09 C3 4F 00 0A 14 00 00 00 55 03 E8 00 00 00 55 00 CF 03 E8 00 55 00 1E 00 00 DA FC 
406.493 [RX] 02 17 12 18 00 00 00 00 00 00 05 00 19 00 00 03 E8 00 3B 9B EE 38 C8 
406.546 [RX] 02 17 C3 4F 00 09 C3 4F 00 0A 14 00 00 00 55 03 E8 00 00 00 55 00 CF 03 E8 00 55 00 1E 00 00 DA FC 
406.601 [RX] 02 17 12 18 00 00 00 00 00 00 05 00 19 00 00 03 E8 00 3B 9B EE 38 C8 
406.638 [RX] 02 17 C3 4F 00 09 C3 4F 00 0A 14 00 00 00 55 03 E8 00 00 00 55 00 CF 03 E8 00 55 00 1E 00 00 DA FC 
406.685 [RX] 02 17 12 18 00 00 00 00 00 00 05 00 19 00 00 03 E8 00 3B 9B EE 38 C8 
406.738 [RX] 02 17 C3 4F 00 09 C3 4F 00 0A 14 00 00 00 55 03 E8 00 00 00 55 00 CF 03 E8 00 55 00 1E 00 00 DA FC 
406.804 [RX] 02 17 12 18 00 00 00 00 00 00 05 00 19 00 00 03 E8 00 3B 9B EE 38 C8 
406.840 [RX] 02 17 C3 4F 00 09 C3 4F 00 0A 14 00 00 00 55 03 E8 00 00 00 55 00 CF 03 E8 00 55 00 1E 00 00 DA FC 
406.888 [RX] 02 17 12 18 00 00 00 00 00 00 05 00 17 00 00 03 E8 00 3B 9B EE 74 A8 
406.945 [RX] 02 17 C3 4F 00 09 C3 4F 00 0A 14 00 00 00 55 03 E8 00 00 00 55 00 CF 03 E8 00 55 00 1E 00 00 DA FC 
406.997 [RX] 02 17 12 18 00 00 00 00 00 00 05 00 17 00 00 03 E8 00 3B 9B EE 74 A8 
407.050 [RX] 02 17 C3 4F 00 09 C3 4F 00 0A 14 00 00 00 55 03 E8 00 00 00 55 00 CF 03 E8 00 55 00 1E 00 00 DA FC 
407.105 [RX] 02 17 12 18 00 00 00 00 00 00 05 00 17 00 00 03 E8 00 3B 9B EE 74 A8 
407.138 [RX] 02 17 C3 4F 00 09 C3 4F 00 0A 14 00 00 00 55 03 E8 00 00 00 55 00 CF 03 E8 00 55 00 1E 00 00 DA FC 
407.189 [RX] 02 17 12 18 00 00 00 00 00 00 05 00 17 00 00 03 E8 00 3B 9B EE 74 A8 
407.239 [RX] 02 17 C3 4F 00 09 C3 4F 00 0A 14 00 00 00 55 03 E8 00 00 00 55 00 CF 03 E8 00 55 00 1E 00 00 DA FC 
407.308 [RX] 02 17 12 18 00 00 00 00 00 00 05 00 17 00 00 03 E8 00 3B 9B EE 74 A8 
407.349 [RX] 02 17 C3 4F 00 09 C3 4F 00 0A 14 00 00 00 55 03 E8 00 00 00 55 00 CF 03 E8 00 55 00 1E 00 00 DA FC 
407.392 [RX] 02 17 12 18 00 00 00 00 00 00 05 00 17 00 00 03 E8 00 3B 9B EE 74 A8 
407.449 [RX] 02 17 C3 4F 00 09 C3 4F 00 0A 14 00 00 00 55 03 E8 00 00 00 55 00 CF 03 E8 00 55 00 1E 00 00 DA FC 
407.501 [RX] 02 17 12 18 00 00 00 00 00 00 05 00 17 00 00 03 E8 00 3B 9B EE 74 A8 
407.538 [RX] 02 17 C3 4F 00 09 C3 4F 00 0A 14 00 00 00 55 03 E8 00 00 00 55 00 CF 03 E8 00 55 00 1E 00 00 DA FC 
407.584 [RX] 02 17 12 18 00 00 00 00 00 00 05 00 17 00 00 03 E8 00 3B 9B EE 74 A8 
407.638 [RX] 02 17 C3 4F 00 09 C3 4F 00 0A 14 00 00 00 55 03 E8 00 00 00 55 00 CF 03 E8 00 55 00 1E 00 00 DA FC 
407.694 [RX] 02 17 12 18 00 00 00 00 00 00 05 00 17 00 00 03 E8 00 3B 9B EE 74 A8 
407.743 [RX] 02 17 C3 4F 00 09 C3 4F 00 0A 14 00 00 00 55 03 E8 00 00 00 55 00 CF 03 E8 00 55 00 1E 00 00 DA FC 
407.812 [RX] 02 17 12 18 00 00 00 00 00 00 05 00 17 00 00 03 E8 00 3B 9B EE 74 A8 
407.853 [RX] 02 17 C3 4F 00 09 C3 4F 00 0A 14 00 00 00 55 03 E8 00 00 00 55 00 CF 03 E8 00 55 00 1E 00 00 DA FC 
407.896 [RX] 02 17 12 18 00 00 00 00 00 00 05 00 17 00 00 03 E8 00 3B 9B EE 74 A8 
407.938 [RX] 02 17 C3 4F 00 09 C3 4F 00 0A 14 00 00 00 55 03 E8 00 00 00 55 00 CF 03 E8 00 55 00 1E 00 00 DA FC 
407.980 [RX] 02 17 12 18 00 00 00 00 00 00 05 00 17 00 00 03 E8 00 3B 9B EE 74 A8 
408.038 [RX] 02 17 C3 4F 00 09 C3 4F 00 0A 14 00 00 00 55 03 E8 00 00 00 55 00 CF 03 E8 00 55 00 1E 00 00 DA FC 
408.088 [RX] 02 17 12 18 00 00 00 00 00 00 05 00 17 00 00 03 E8 00 3B 9B EE 74 A8 
408.142 [RX] 02 17 C3 4F 00 09 C3 4F 00 0A 14 00 00 00 55 03 E8 00 00 00 55 00 CF 03 E8 00 55 00 1E 00 00 DA FC 
408.197 [RX] 02 17 12 18 00 00 00 00 00 00 05 00 17 00 00 03 E8 00 3B 9B EE 74 A8 
408.247 [RX] 02 17 C3 4F 00 09 C3 4F 00 0A 14 00 00 00 55 03 E8 00 00 00 55 00 CF 03 E8 00 55 00 1E 00 00 DA FC 
408.316 [RX] 02 17 12 18 00 00 00 00 00 00 05 00 18 00 00 03 E8 00 3B 9B EE 35 58 
408.356 [RX] 02 17 C3 4F 00 09 C3 4F 00 0A 14 00 00 00 55 03 E8 00 00 00 55 00 CF 03 E8 00 55 00 1E 00 00 DA FC 
408.401 [RX] 02 17 12 18 00 00 00 00 00 00 05 00 18 00 00 03 E8 00 3B 9B EE 3m 58 
408.438 [RX] 02 17 C3 4F 00 09 C3 4F 00 0A 14 00 00 00 55 03 E8 00 00 00 55 00 CF 03 E8 00 55 00 1E 00 00 DA FC 
408.484 [RX] 02 17 12 18 00 00 00 00 00 00 05 00 18 00 00 03 E8 00 3B 9B EE 35 58 
408.541 [RX] 02 17 C3 4F 00 09 C3 4F 00 0A 14 00 00 00 55 03 E8 00 00 00 55 00 CF 03 E8 00 55 00 1E 00 00 DA FC 
408.593 [RX] 02 17 12 18 00 00 00 00 00 00 05 00 18 00 00 03 E8 00 3B 9B EE 35 58 
408.646 [RX] 02 17 C3 4F 00 09 C3 4F 00 0A 14 00 00 00 55 03 E8 00 00 00 55 00 CF 03 E8 00 55 00 1E 00 00 DA FC 
408.701 [RX] 02 17 12 18 00 00 00 00 00 00 05 00 18 00 00 03 E8 00 3B 9B EE 35 58 
408.738 [RX] 02 17 C3 4F 00 09 C3 4F 00 0A 14 00 00 00 55 03 E8 00 00 00 55 00 CF 03 E8 00 55 00 1E 00 00 DA FC 
408.785 [RX] 02 17 12 18 00 00 00 00 00 00 05 00 18 00 00 03 E8 00 3B 9B EE 35 58 
408.843 [RX] 02 17 C3 4F 00 09 C3 4F 00 0A 14 00 00 00 55 03 E8 00 00 00 55 00 CF 03 E8 00 55 00 1E 00 00 DA FC 
408.904 [RX] 02 17 12 18 00 00 00 00 00 00 05 00 16 00 00 03 E8 00 3B 9B EE 79 38 
408.940 [RX] 02 17 C3 4F 00 09 C3 4F 00 0A 14 00 00 00 55 03 E8 00 00 00 55 00 CF 03 E8 00 55 00 1E 00 00 DA FC 
408.988 [RX] 02 17 12 18 00 00 00 00 00 00 05 00 16 00 00 03 E8 00 3B 9B EE 79 38 
409.045 [RX] 02 17 C3 4F 00 09 C3 4F 00 0A 14 00 00 00 55 03 E8 00 00 00 55 00 CF 03 E8 00 55 00 1E 00 00 DA FC 
409.097 [RX] 02 17 12 18 00 00 00 00 00 00 05 00 16 00 00 03 E8 00 3B 9B EE 79 38 
409.150 [RX] 02 17 C3 4F 00 09 C3 4F 00 0A 14 00 00 00 55 03 E8 00 00 00 55 00 CF 03 E8 00 55 00 1E 00 00 DA FC 
409.205 [RX] 02 17 12 18 00 00 00 00 00 00 05 00 16 00 00 03 E8 00 3B 9B EE 79 38 
409.238 [RX] 02 17 C3 4F 00 09 C3 4F 00 0A 14 00 00 00 55 03 E8 00 00 00 55 00 CF 03 E8 00 55 00 1E 00 00 DA FC 
409.289 [RX] 02 17 12 18 00 00 00 00 00 00 05 00 16 00 00 03 E8 00 3B 9B EE 79 38 
409.339 [RX] 02 17 C3 4F 00 09 C3 4F 00 0A 14 00 00 00 55 03 E8 00 00 00 55 00 CF 03 E8 00 55 00 1E 00 00 DA FC 
409.408 [RX] 02 17 12 18 00 00 00 00 00 00 05 00 16 00 00 03 E8 00 3B 9B EE 79 38 
409.444 [RX] 02 17 C3 4F 00 09 C3 4F 00 0A 14 00 00 00 55 03 E8 00 00 00 55 00 CF 03 E8 00 55 00 1E 00 00 DA FC 
409.492 [RX] 02 17 12 18 00 00 00 00 00 00 05 00 16 00 00 03 E8 00 3B 9B EE 79 38 
409.549 [RX] 02 17 C3 4F 00 09 C3 4F 00 0A 14 00 00 00 55 03 E8 00 00 00 55 00 CF 03 E8 00 55 00 1E 00 00 DA FC 
409.601 [RX] 02 17 12 18 00 00 00 00 00 00 05 00 16 00 00 03 E8 00 3B 9B EE 79 38 
409.638 [RX] 02 17 C3 4F 00 09 C3 4F 00 0A 14 00 00 00 55 03 E8 00 00 00 55 00 CF 03 E8 00 55 00 1E 00 00 DA FC 
409.684 [RX] 02 17 12 18 00 00 00 00 00 00 05 00 16 00 00 03 E8 00 3B 9B EE 79 38 
409.738 [RX] 02 17 C3 4F 00 09 C3 4F 00 0A 14 00 00 00 55 03 E8 00 00 00 55 00 CF 03 E8 00 55 00 1E 00 00 DA FC 
409.794 [RX] 02 17 12 18 00 00 00 00 00 00 05 00 16 00 00 03 E8 00 3B 9B EE 79 38 
409.848 [RX] 02 17 C3 4F 00 09 C3 4F 00 0A 14 00 00 00 55 03 E8 00 00 00 55 00 CF 03 E8 00 55 00 1E 00 00 DA FC 
409.912 [RX] 02 17 12 18 00 00 00 00 00 00 05 00 16 00 00 03 E8 00 3B 9B EE 79 38 
409.948 [RX] 02 17 C3 4F 00 09 C3 4F 00 0A 14 00 00 00 55 03 E8 00 00 00 55 00 CF 03 E8 00 55 00 1E 00 00 DA FC 
409.996 [RX] 02 17 12 18 00 00 00 00 00 00 05 00 16 00 00 03 E8 00 3B 9B EE 79 38 
410.038 [RX] 02 17 C3 4F 00 09 C3 4F 00 0A 14 00 00 00 55 03 E8 00 00 00 55 00 CF 03 E8 00 55 00 1E 00 00 DA FC 
410.080 [RX] 02 17 12 18 00 00 00 00 00 00 05 00 16 00 00 03 E8 00 3B 9B EE 79 38 
410.138 [RX] 02 17 C3 4F 00 09 C3 4F 00 0A 14 00 00 00 55 03 E8 00 00 00 55 00 CF 03 E8 00 55 00 1E 00 00 DA FC 
410.188 [RX] 02 17 12 18 00 00 00 00 00 00 05 00 16 00 00 03 E8 00 3B 9B EE 79 38 
410.242 [RX] 02 17 C3 4F 00 09 C3 4F 00 0A 14 00 00 00 55 03 E8 00 00 00 55 00 CF 03 E8 00 55 00 1E 00 00 DA FC 
410.297 [RX] 02 17 12 18 00 00 00 00 00 00 05 00 16 00 00 03 E8 00 3B 9B EE 79 38 
410.352 [RX] 02 17 C3 4F 00 09 C3 4F 00 0A 14 00 00 00 55 03 E8 00 00 00 55 00 CF 03 E8 00 55 00 1E 00 00 DA FC 
410.416 [RX] 02 17 12 18 00 00 00 00 00 00 05 00 17 00 00 03 E8 00 3B 9B EE 76 BF C3 4F 00 09 C3 4F 00 0A 14 00 00 00 55 03 E8 00 00 00 55 00 CF 03 E8 00 55 00 1E 00 00 DA FC 
410.538 [RX] 02 17 C3 4F 00 09 C3 4F 00 0A 14 00 00 00 55 03 E8 00 00 00 55 00 CF 03 E8 00 55 00 1E 00 00 DA FC 
410.584 [RX] 02 17 12 18 00 00 00 00 00 00 05 00 17 00 00 03 E8 00 3B 9B EE 74 A8 
410.641 [RX] 02 17 C3 4F 00 09 C3 4F 00 0A 14 00 00 00 55 03 E8 00 00 00 55 00 CF 03 E8 00 55 00 1E 00 00 DA FC 
410.693 [RX] 02 17 12 18 00 00 00 00 00 00 05 00 17 00 00 03 E8 00 3B 9B EE 74 A8 
410.746 [RX] 02 17 C3 4F 00 09 C3 4F 00 0A 14 00 00 00 55 03 E8 00 00 00 55 00 CF 03 E8 00 55 00 1E 00 00 DA FC 
410.802 [RX] 02 17 12 18 00 00 00 00 00 00 05 00 17 00 00 03 E8 00 3B 9B EE 74 A8 
410.855 [RX] 02 17 C3 4F 00 09 C3 4F 00 0A 14 00 00 00 55 03 E8 00 00 00 55 00 CF 03 E8 00 55 00 1E 00 00 DA FC 
410.920 [RX] 02 17 12 18 00 00 00 00 00 00 05 00 17 00 00 03 E8 08 3B 9B EE 74 A8 
411.040 [RX] 02 17 C3 4F 00 09 C3 4F 00 0A 14 00 00 00 55 03 E8 00 00 00 55 00 CF 03 E8 00 55 00 1E 00 00 DA FC 
411.088 [RX] 02 17 12 18 00 00 00 00 00 00 05 00 17 00 00 03 E8 00 3B 9B EE 74 A8 
411.145 [RX] 02 17 C3 4F 00 09 C3 4F 00 0A 14 00 00 00 55 03 E8 00 00 00 55 00 CF 03 E8 00 55 00 1E 00 00 DA FC 
411.197 [RX] 02 17 12 18 00 00 00 00 00 00 05 00 18 00 00 03 E8 00 3B 9B EE 35 58 
411.250 [RX] 02 17 C3 4F 00 09 C3 4F 00 0A 14 00 00 00 55 03 E8 00 00 00 55 00 CF 03 E8 00 55 00 1E 00 00 DA FC 
411.306 [RX] 02 17 12 18 00 00 00 00 00 00 05 00 18 00 00 03 E8 00 3B 9B EE 35 58 
411.355 [RX] 02 17 C3 4F 00 09 C3 4F 00 0A 14 00 00 00 55 03 E8 00 00 00 55 00 CF 03 E8 00 55 00 1E 00 00 DA FC 
411.424 [RX] 02 17 12 18 00 00 00 00 00 00 05 00 18 00 00 03 E8 00 3B 9B EE 35 58 
411.544 [RX] 02 17 C3 4F 00 09 C3 4F 00 0A 14 00 00 00 55 03 E8 00 00 00 55 00 CF 03 E8 00 55 00 1E 00 00 DA FC 
411.592 [RX] 02 17 12 18 00 00 00 00 00 00 05 00 18 00 00 03 E8 00 3B 9B EE 35 58 
411.649 [RX] 02 17 C3 4F 00 09 C3 4F 00 0A 14 00 00 00 55 03 E8 00 00 00 55 00 CF 03 E8 00 55 00 1E 00 00 DA FC 
411.701 [RX] 02 17 12 18 00 00 00 00 00 00 05 00 18 00 00 03 E8 00 3B 9B EE 35 58 
411.738 [RX] 02 17 C3 4F 00 09 C3 4F 00 0A 14 00 00 00 55 03 E8 00 00 00 55 00 CF 03 E8 00 55 00 1E 00 00 DA FC 
411.784 [RX] 02 17 12 18 00 00 00 00 00 00 05 00 18 00 00 03 E8 00 3B 9B EE 35 58 
411.843 [RX] 02 17 C3 4F 00 09 C3 4F 00 0A 14 00 00 00 55 03 E8 00 00 00 55 00 CF 03 E8 00 55 00 1E 00 00 DA FC 
411.893 [RX] 02 17 12 18 00 00 00 00 00 00 05 00 17 00 00 03 E8 00 3B 9B EE 74 A8 
411.943 [RX] 02 17 C3 4F 00 09 C3 4F 00 0A 14 00 00 00 55 03 E8 00 00 00 55 00 CF 03 E8 00 55 00 1E 00 00 DA FC 
412.012 [RX] 02 17 12 18 00 00 00 00 00 00 05 00 17 00 00 03 E8 00 3B 9B EE 74 A8 
412.048 [RX] 02 17 C3 4F 00 09 C3 4F 00 0A 14 00 00 00 55 03 E8 00 00 00 55 00 CF 03 E8 00 55 00 1E 00 00 DA FC 
412.096 [RX] 02 17 12 18 00 00 00 00 00 00 05 00 17 00 00 03 E8 00 3B 9B EE 74 A8 
412.138 [RX] 02 17 C3 4F 00 09 C3 4F 00 0A 14 00 00 00 55 03 E8 00 00 00 55 00 CF 03 E8 00 55 00 1E 00 00 DA FC 
412.180 [RX] 02 17 12 18 00 00 00 00 00 00 05 00 17 00 00 03 E8 00 3B 9B EE 74 A8 
412.238 [RX] 02 17 C3 4F 00 09 C3 4F 00 0A 14 00 00 00 55 03 E8 00 00 00 55 00 CF 03 E8 00 55 00 1E 00 00 DA FC 
412.289 [RX] 02 17 12 18 00 00 00 00 00 00 05 00 17 00 00 03 E8 00 3B 9B EE 74 A8 
412.347 [RX] 02 17 C3 4F 00 09 C3 4F 00 0A 14 00 00 00 55 03 E8 00 00 00 55 00 CF 03 E8 00 55 00 1E 00 00 DA FC 
412.398 [RX] 02 17 12 18 00 00 00 00 00 00 05 00 17 00 00 03 E8 00 3B 9B EE 74 A8 
412.447 [RX] 02 17 C3 4F 00 09 C3 4F 00 0A 14 00 00 00 55 03 E8 00 00 00 55 00 CF 03 E8 00 55 00 1E 00 00 DA FC 
412.516 [RX] 02 17 12 18 00 00 00 00 00 00 05 00 17 00 00 03 E8 00 3B 9B EE 76 BF C3 4F 00 09 C3 4F 00 0A 14 00 00 00 55 03 E8 00 00 00 55 00 CF 03 E8 00 55 00 1E 00 00 DA FC 
412.638 [RX] 02 17 C3 4F 00 09 C3 4F 00 0A 14 00 00 00 55 03 E8 00 00 00 55 00 CF 03 E8 00 55 00 1E 00 00 DA FC 
412.684 [RX] 02 17 12 18 00 00 00 00 00 00 05 00 16 00 00 03 E8 00 3B 9B EE 79 38 
412.741 [RX] 02 17 C3 4F 00 09 C3 4F 00 0A 14 00 00 00 55 03 E8 00 00 00 55 00 CF 03 E8 00 55 00 1E 00 00 DA FC 
412.793 [RX] 02 17 12 18 00 00 00 00 00 00 05 00 16 00 00 03 E8 00 3B 9B EE 79 38 
412.851 [RX] 02 17 C3 4F 00 09 C3 4F 00 0A 14 00 00 00 55 03 E8 00 00 00 55 00 CF 03 E8 00 55 00 1E 00 00 DA FC 
412.902 [RX] 02 17 12 18 00 00 00 00 00 00 05 00 16 00 00 03 E8 00 3B 9B EE 79 38 
412.938 [RX] 02 17 C3 4F 00 09 C3 4F 00 0A 14 00 00 00 55 03 E8 00 00 00 55 00 CF 03 E8 00 55 00 1E 00 00 DA FC 
412.985 [RX] 02 17 12 18 00 00 00 00 00 00 05 00 16 00 00 03 E8 00 3B 9B EE 79 38 
413.038 [RX] 02 17 C3 4F 00 09 C3 4F 00 0A 14 00 00 00 55 03 E8 00 00 00 55 00 CF 03 E8 00 55 00 1E 00 00 DA FC 
413.104 [RX] 02 17 12 18 00 00 00 00 00 00 05 00 16 00 00 03 E8 00 3B 9B EE 79 38 
413.140 [RX] 02 17 C3 4F 00 09 C3 4F 00 0A 14 00 00 00 55 03 E8 00 00 00 55 00 CF 03 E8 00 55 00 1E 00 00 DA FC 
413.188 [RX] 02 17 12 18 00 00 00 00 00 00 05 00 16 00 00 03 E8 00 3B 9B EE 79 38 
413.245 [RX] 02 17 C3 4F 00 09 C3 4F 00 0A 14 00 00 00 55 03 E8 00 00 00 55 00 CF 03 E8 00 55 00 1E 00 00 DA FC 
413.297 [RX] 02 17 12 18 00 00 00 00 00 00 05 00 16 00 00 03 E8 00 3B 9B EE 79 38 
413.355 [RX] 02 17 C3 4F 00 09 C3 4F 00 0A 14 00 00 00 55 03 E8 00 00 00 55 00 CF 03 E8 00 55 00 1E 00 00 DA FC 
413.406 [RX] 02 17 12 18 00 00 00 00 00 00 05 00 16 00 00 03 E8 00 3B 9B EE 79 38 
413.438 [RX] 02 17 C3 4F 00 09 C3 4F 00 0A 14 00 00 00 55 03 E8 00 00 00 55 00 CF 03 E8 00 55 00 1E 00 00 DA FC 
413.489 [RX] 02 17 12 18 00 00 00 00 00 00 05 00 16 00 00 03 E8 00 3B 9B EE 79 38 
413.539 [RX] 02 17 C3 4F 00 09 C3 4F 00 0A 14 00 00 00 55 03 E8 00 00 00 55 00 CF 03 E8 00 55 00 1E 00 00 DA FC 
413.608 [RX] 02 17 12 18 00 00 00 00 00 00 05 00 16 00 00 03 E8 00 3B 9B EE 79 38 
413.644 [RX] 02 17 C3 4F 00 09 C3 4F 00 0A 14 00 00 00 55 03 E8 00 00 00 55 00 CF 03 E8 00 55 00 1E 00 00 DA FC 
413.692 [RX] 02 17 12 18 00 00 00 00 00 00 05 00 16 00 00 03 E8 00 3B 9B EE 79 38 
413.749 [RX] 02 17 C3 4F 00 09 C3 4F 00 0A 14 00 00 00 55 03 E8 00 00 00 55 00 CF 03 E8 00 55 00 1E 00 00 DA FC 
413.801 [RX] 02 17 12 18 00 00 00 00 00 00 05 00 16 00 00 03 E8 00 3B 9B EE 79 38 
413.855 [RX] 02 17 C3 4F 00 09 C3 4F 00 0A 14 00 00 00 55 03 E8 00 00 00 55 00 CF 03 E8 00 55 00 1E 00 00 DA FC 
413.910 [RX] 02 17 12 18 00 00 00 00 00 00 05 00 16 00 00 03 E8 00 3B 9B EE 79 38 02 17 C3 4F 00 09 C3 4F 00 0A 14 00 00 00 55 03 E8 00 00 00 55 00 CF 03 E8 00 55 00 1E 00 00 DA FC 
413.994 [RX] 02 17 12 18 00 00 00 00 00 00 05 00 16 00 00 03 E8 00 3B 9B EE 79 38 
414.043 [RX] 02 17 C3 4F 00 09 C3 4F 00 0A 14 00 00 00 55 03 E8 00 00 00 55 00 CF 03 E8 00 55 00 1E 00 00 DA FC 
414.112 [RX] 02 17 12 18 00 00 00 00 00 00 05 00 16 00 00 03 E8 00 3B 9B EE 79 38 
414.148 [RX] 02 17 C3 4F 00 09 C3 4F 00 0A 14 00 00 00 55 03 E8 00 00 00 55 00 CF 03 E8 00 55 00 1E 00 00 DA FC 
414.196 [RX] 02 17 12 18 00 00 00 00 00 00 05 00 16 00 00 03 E8 00 3B 9B EE 79 38 
414.238 [RX] 02 17 C3 4F 00 09 C3 4F 00 0A 14 00 00 00 55 03 E8 00 00 00 55 00 CF 03 E8 00 55 00 1E 00 00 DA FC 
414.280 [RX] 02 17 12 18 00 00 00 00 00 00 05 00 16 00 00 03 E8 00 3B 9B EE 79 38 
414.343 [RX] 02 17 C3 4F 00 09 C3 4F 00 0A 14 00 00 00 55 03 E8 00 00 00 55 00 CF 03 E8 00 55 00 1E 00 00 DA FC 
414.388 [RX] 02 17 12 18 00 00 00 00 00 00 05 00 16 00 00 03 E8 00 3B 9B EE 79 38 
414.442 [RX] 02 17 C3 4F 00 09 C3 4F 00 0A 14 00 00 00 55 03 E8 00 00 00 55 00 CF 03 E8 00 55 00 1E 00 00 DA FC 
414.497 [RX] 02 17 12 18 00 00 00 00 00 00 05 00 16 00 00 03 E8 00 3B 9B EE 79 38 
414.547 [RX] 02 17 C3 4F 00 09 C3 4F 00 0A 14 00 00 00 55 03 E8 00 00 00 55 00 CF 03 E8 00 55 00 1E 00 00 DA FC 
414.616 [RX] 02 17 12 18 00 00 00 00 00 00 05 00 16 00 00 03 E8 00 3B 9B EE 7B 3F C3 4F 00 09 C3 4F 00 0A 14 00 00 00 55 03 E8 00 00 00 55 00 CF 03 E8 00 55 00 1E 00 00 DA FC 
414.738 [RX] 02 17 C3 4F 00 09 C3 4F 00 0A 14 00 00 00 55 03 E8 00 00 00 55 00 CF 03 E8 00 55 00 1E 00 00 DA FC 
414.784 [RX] 02 17 12 18 00 00 00 00 00 00 05 00 16 00 00 03 E8 00 3B 9B EE 79 38 
414.846 [RX] 02 17 C3 4F 00 09 C3 4F 00 0A 14 00 00 00 55 03 E8 00 00 00 55 00 CF 03 E8 00 55 00 1E 00 00 DA FC 
414.892 [RX] 02 17 12 18 00 00 00 00 00 00 05 00 16 00 00 03 E8 00 3B 9B EE 79 38 
414.946 [RX] 02 17 C3 4F 00 09 C3 4F 00 0A 14 00 00 00 55 03 E8 00 00 00 55 00 CF 03 E8 00 55 00 1E 00 00 DA FC 
415.001 [RX] 02 17 12 18 00 00 00 00 00 00 05 00 16 00 00 03 E8 00 3B 9B EE 79 38 
415.038 [RX] 02 17 C3 4F 00 09 C3 4F 00 0A 14 00 00 00 55 03 E8 00 00 00 55 00 CF 03 E8 00 55 00 1E 00 00 DA FC 
415.085 [RX] 02 17 12 18 00 00 00 00 00 00 05 00 16 00 00 03 E8 00 3B 9B EE 79 38 
415.138 [RX] 02 17 C3 4F 00 09 C3 4F 00 0A 14 00 00 00 55 03 E8 00 00 00 55 00 CF 03 E8 00 55 00 1E 00 00 DA FC 
415.204 [RX] 02 17 12 18 00 00 00 00 00 00 05 00 16 00 00 03 E8 00 3B 9B EE 79 38 
415.240 [RX] 02 17 C3 4F 00 09 C3 4F 00 0A 14 00 00 00 55 03 E8 00 00 00 55 00 CF 03 E8 00 55 00 1E 00 00 DA FC 
415.288 [RX] 02 17 12 18 00 00 00 00 00 00 05 00 16 00 00 03 E8 00 3B 9B EE 79 38 
415.351 [RX] 02 17 C3 4F 00 09 C3 4F 00 0A 14 00 00 00 55 03 E8 00 00 00 55 00 CF 03 E8 00 55 00 1E 00 00 DA FC 
415.397 [RX] 02 17 12 18 00 00 00 00 00 00 05 00 16 00 00 03 E8 00 3B 9B EE 79 38 
415.450 [RX] 02 17 C3 4F 00 09 C3 4F 00 0A 14 00 00 00 55 03 E8 00 00 00 55 00 CF 03 E8 00 55 00 1E 00 00 DA FC 
415.506 [RX] 02 17 12 18 00 00 00 00 00 00 05 00 16 00 00 03 E8 00 3B 9B EE 79 38 
415.538 [RX] 02 17 C3 4F 00 09 C3 4F 00 0A 14 00 00 00 55 03 E8 00 00 00 55 00 CF 03 E8 00 55 00 1E 00 00 DA FC 
415.589 [RX] 02 17 12 18 00 00 00 00 00 00 05 00 16 00 00 03 E8 00 3B 9B EE 79 38 
415.639 [RX] 02 17 C3 4F 00 09 C3 4F 00 0A 14 00 00 00 55 03 E8 00 00 00 55 00 CF 03 E8 00 55 00 1E 00 00 DA FC 
415.708 [RX] 02 17 12 18 00 00 00 00 00 00 05 00 16 00 00 03 E8 00 3B 9B EE 79 38 
415.745 [RX] 02 17 C3 4F 00 09 C3 4F 00 0A 14 00 00 00 55 03 E8 00 00 00 55 00 CF 03 E8 00 55 00 1E 00 00 DA FC 
415.792 [RX] 02 17 12 18 00 00 00 00 00 00 05 00 16 00 00 03 E8 00 3B 9B EE 79 38 
415.854 [RX] 02 17 C3 4F 00 09 C3 4F 00 0A 14 00 00 00 55 03 E8 00 00 00 55 00 CF 03 E8 00 55 00 1E 00 00 DA FC 
415.901 [RX] 02 17 12 18 00 00 00 00 00 00 05 00 16 00 00 03 E8 00 3B 9B EE 79 38 
415.938 [RX] 02 17 C3 4F 00 09 C3 4F 00 0A 14 00 00 00 55 03 E8 00 00 00 55 00 CF 03 E8 00 55 00 1E 00 00 DA FC 
415.985 [RX] 02 17 12 18 00 00 00 00 00 00 05 00 16 00 00 03 E8 00 3B 9B EE 79 38 
416.038 [RX] 02 17 C3 4F 00 09 C3 4F 00 0A 14 00 00 00 55 03 E8 00 00 00 55 00 CF 03 E8 00 55 00 1E 00 00 DA FC 
416.093 [RX] 02 17 12 18 00 00 00 00 00 00 05 00 16 00 00 03 E8 00 3B 9B EE 79 38 
416.143 [RX] 02 17 C3 4F 00 09 C3 4F 00 0A 14 00 00 00 55 03 E8 00 00 00 55 00 CF 03 E8 00 55 00 1E 00 00 DA FC 
416.212 [RX] 02 17 12 18 00 00 00 00 00 00 05 00 16 00 00 03 E8 00 3B 9B EE 79 38 
416.248 [RX] 02 17 C3 4F 00 09 C3 4F 00 0A 14 00 00 00 55 03 E8 00 00 00 55 00 CF 03 E8 00 55 00 1E 00 00 DA FC 
416.296 [RX] 02 17 12 18 00 00 00 00 00 00 05 00 16 00 00 03 E8 00 3B 9B EE 79 38 
416.355 [RX] 02 17 C3 4F 00 09 C3 4F 00 0A 14 00 00 00 55 03 E8 00 00 00 55 00 CF 03 E8 00 55 00 1E 00 00 DA FC 
416.405 [RX] 02 17 12 18 00 00 00 00 00 00 05 00 16 00 00 03 E8 00 3B 9B EE 79 38 
416.438 [RX] 02 17 C3 4F 00 09 C3 4F 00 0A 14 00 00 00 55 03 E8 00 00 00 55 00 CF 03 E8 00 55 00 1E 00 00 DA FC 
416.489 [RX] 02 17 12 18 00 00 00 00 00 00 05 00 16 00 00 03 E8 00 3B 9B EE 79 38 
416.542 [RX] 02 17 C3 4F 00 09 C3 4F 00 0A 14 00 00 00 55 03 E8 00 00 00 55 00 CF 03 E8 00 55 00 1E 00 00 DA FC 
416.597 [RX] 02 17 12 18 00 00 00 00 00 00 05 00 16 00 00 03 E8 00 3B 9B EE 79 38 
416.647 [RX] 02 17 C3 4F 00 09 C3 4F 00 0A 14 00 00 00 55 03 E8 00 00 00 55 00 CF 03 E8 00 55 00 1E 00 00 DA FC 
416.716 [RX] 02 17 12 18 00 00 00 00 00 00 05 00 16 00 00 03 E8 00 3B 9B EE 79 38 
416.843 [RX] 02 17 C3 4F 00 09 C3 4F 00 0A 14 00 00 00 55 03 E8 00 00 00 55 00 CF 03 E8 00 55 00 1E 00 00 DA FC 
416.884 [RX] 02 17 12 18 00 00 00 00 00 00 05 00 16 00 00 03 E8 00 3B 9B EE 79 38 
416.941 [RX] 02 17 C3 4F 00 09 C3 4F 00 0A 14 00 00 00 55 03 E8 00 00 00 55 00 CF 03 E8 00 55 00 1E 00 00 DA FC 
416.993 [RX] 02 17 12 18 00 00 00 00 00 00 05 00 16 00 00 03 E8 00 3B 9B EE 79 38 
417.046 [RX] 02 17 C3 4F 00 09 C3 4F 00 0A 14 00 00 00 55 03 E8 00 00 00 55 00 CF 03 E8 00 55 00 1E 00 00 DA FC 
417.102 [RX] 02 17 12 18 00 00 00 00 00 00 05 00 16 00 00 03 E8 00 3B 9B EE 79 38 
417.138 [RX] 02 17 C3 4F 00 09 C3 4F 00 0A 14 00 00 00 55 03 E8 00 00 00 55 00 CF 03 E8 00 55 00 1E 00 00 DA FC 
417.185 [RX] 02 17 12 18 00 00 00 00 00 00 05 00 16 00 00 03 E8 00 3B 9B EE 79 38 
417.238 [RX] 02 17 C3 4F 00 09 C3 4F 00 0A 14 00 00 00 55 03 E8 00 00 00 55 00 CF 03 E8 00 55 00 1E 00 00 DA FC 
417.304 [RX] 02 17 12 18 00 00 00 00 00 00 05 00 16 00 00 03 E8 00 3B 9B EE 79 38 
417.340 [RX] 02 17 C3 4F 00 09 C3 4F 00 0A 14 00 00 00 55 03 E8 00 00 00 55 00 CF 03 E8 00 55 00 1E 00 00 DA FC 
417.388 [RX] 02 17 12 18 00 00 00 00 00 00 05 00 16 00 00 03 E8 00 3B 9B EE 79 38 
417.445 [RX] 02 17 C3 4F 00 09 C3 4F 00 0A 14 00 00 00 55 03 E8 00 00 00 55 00 CF 03 E8 00 55 00 1E 00 00 DA FC 
417.496 [RX] 02 17 12 18 00 00 00 00 00 00 05 00 16 00 00 03 E8 00 3B 9B EE 79 38 
417.550 [RX] 02 17 C3 4F 00 09 C3 4F 00 0A 14 00 00 00 55 03 E8 00 00 00 55 00 CF 03 E8 00 55 00 1E 00 00 DA FC 
417.605 [RX] 02 17 12 18 00 00 00 00 00 00 05 00 16 00 00 03 E8 00 3B 9B EE 79 38 
417.638 [RX] 02 17 C3 4F 00 09 C3 4F 00 0A 14 00 00 00 55 03 E8 00 00 00 55 00 CF 03 E8 00 55 00 1E 00 00 DA FC 
417.690 [RX] 02 17 12 18 00 00 00 00 00 00 05 00 16 00 00 03 E8 00 3B 9B EE 79 38 
417.739 [RX] 02 17 C3 4F 00 09 C3 4F 00 0A 14 00 00 00 55 03 E8 00 00 00 55 00 CF 03 E8 00 55 00 1E 00 00 DA FC 
417.808 [RX] 02 17 12 18 00 00 00 00 00 00 05 00 16 00 00 03 E8 00 3B 9B EE 79 38 
417.850 [RX] 02 17 C3 4F 00 09 C3 4F 00 0A 14 00 00 00 55 03 E8 00 00 00 55 00 CF 03 E8 00 55 00 1E 00 00 DA FC 
417.892 [RX] 02 17 12 18 00 00 00 00 00 00 05 00 16 00 00 03 E8 00 3B 9B EE 79 38 
417.949 [RX] 02 17 C3 4F 00 09 C3 4F 00 0A 14 00 00 00 55 03 E8 00 00 00 55 00 CF 03 E8 00 55 00 1E 00 00 DA FC 
418.002 [RX] 02 17 12 18 00 00 00 00 00 00 05 00 16 00 00 03 E8 00 3B 9B EE 79 38 
418.038 [RX] 02 17 C3 4F 00 09 C3 4F 00 0A 14 00 00 00 55 03 E8 00 00 00 55 00 CF 03 E8 00 55 00 1E 00 00 DA FC 
418.084 [RX] 02 17 12 18 00 00 00 00 00 00 05 00 16 00 00 03 E8 00 3B 9B EE 79 38 
418.138 [RX] 02 17 C3 4F 00 09 C3 4F 00 0A 14 00 00 00 55 03 E8 00 00 00 55 00 CF 03 E8 00 55 00 1E 00 00 DA FC 
418.193 [RX] 02 17 12 18 00 00 00 00 00 00 05 00 16 00 00 03 E8 00 3B 9B EE 79 38 
418.243 [RX] 02 17 C3 4F 00 09 C3 4F 00 0A 14 00 00 00 55 03 E8 00 00 00 55 00 CF 03 E8 00 55 00 1E 00 00 DA FC 
418.312 [RX] 02 17 12 18 00 00 00 00 00 00 05 00 16 00 00 03 E8 00 3B 9B EE 79 38 
418.353 [RX] 02 17 C3 4F 00 09 C3 4F 00 0A 14 00 00 00 55 03 E8 00 00 00 55 00 CF 03 E8 00 55 00 1E 00 00 DA FC 
418.396 [RX] 02 17 12 18 00 00 00 00 00 00 05 00 16 00 00 03 E8 00 3B 9B EE 79 38 
418.438 [RX] 02 17 C3 4F 00 09 C3 4F 00 0A 14 00 00 00 55 03 E8 00 00 00 55 00 CF 03 E8 00 55 00 1E 00 00 DA FC 
418.480 [RX] 02 17 12 18 00 00 00 00 00 00 05 00 16 00 00 03 E8 00 3B 9B EE 79 38 
418.538 [RX] 02 17 C3 4F 00 09 C3 4F 00 0A 14 00 00 00 55 03 E8 00 00 00 55 00 CF 03 E8 00 55 00 1E 00 00 DA FC 
418.589 [RX] 02 17 12 18 00 00 00 00 00 00 05 00 16 00 00 03 E8 00 3B 9B EE 79 38 
418.642 [RX] 02 17 C3 4F 00 09 C3 4F 00 0A 14 00 00 00 55 03 E8 00 00 00 55 00 CF 03 E8 00 55 00 1E 00 00 DA FC 
418.697 [RX] 02 17 12 18 00 00 00 00 00 00 05 00 16 00 00 03 E8 00 3B 9B EE 79 38 
418.747 [RX] 02 17 C3 4F 00 09 C3 4F 00 0A 14 00 00 00 55 03 E8 00 00 00 55 00 CF 03 E8 00 55 00 1E 00 00 DA FC 
418.816 [RX] 02 17 12 18 00 00 00 00 00 00 05 00 16 00 00 03 E8 00 3B 9B EE 79 38 
418.855 [RX] 02 17 C3 4F 00 09 C3 4F 00 0A 14 00 00 00 55 03 E8 00 00 00 55 00 CF 03 E8 00 55 00 1E 00 00 DA FC 
418.900 [RX] 02 17 12 18 00 00 00 00 00 00 05 00 16 00 00 03 E8 00 3B 9B EE 79 38 
418.938 [RX] 02 17 C3 4F 00 09 C3 4F 00 0A 14 00 00 00 55 03 E8 00 00 00 55 00 CF 03 E8 00 55 00 1E 00 00 DA FC 
418.984 [RX] 02 17 12 18 00 00 00 00 00 00 05 00 16 00 00 03 E8 00 3B 9B EE 79 38 
419.041 [RX] 02 17 C3 4F 00 09 C3 4F 00 0A 14 00 00 00 55 03 E8 00 00 00 55 00 CF 03 E8 00 55 00 1E 00 00 DA FC 
419.093 [RX] 02 17 12 18 00 00 00 00 00 00 05 00 17 00 00 03 E8 00 3B 9B EE 74 A8 
419.146 [RX] 02 17 C3 4F 00 09 C3 4F 00 0A 14 00 00 00 55 03 E8 00 00 00 55 00 CF 03 E8 00 55 00 1E 00 00 DA FC 
419.201 [RX] 02 17 12 18 00 00 00 00 00 00 05 00 17 00 00 03 E8 00 3B 9B EE 74 A8 
419.238 [RX] 02 17 C3 4F 00 09 C3 4F 00 0A 14 00 00 00 55 03 E8 00 00 00 55 00 CF 03 E8 00 55 00 1E 00 00 DA FC 
419.285 [RX] 02 17 12 18 00 00 00 00 00 00 05 00 17 00 00 03 E8 00 3B 9B EE 74 A8 
419.343 [RX] 02 17 C3 4F 00 09 C3 4F 00 0A 14 00 00 00 55 03 E8 00 00 00 55 00 CF 03 E8 00 55 00 1E 00 00 DA FC 
419.404 [RX] 02 17 12 18 00 00 00 00 00 00 05 00 17 00 00 03 E8 00 3B 9B EE 74 A8 
419.440 [RX] 02 17 C3 4F 00 09 C3 4F 00 0A 14 00 00 00 55 03 E8 00 00 00 55 00 CF 03 E8 00 55 00 1E 00 00 DA FC 
419.488 [RX] 02 17 12 18 00 00 00 00 00 00 05 00 17 00 00 03 E8 00 3B 9B EE 74 A8 
419.545 [RX] 02 17 C3 4F 00 09 C3 4F 00 0A 14 00 00 00 55 03 E8 00 00 00 55 00 CF 03 E8 00 55 00 1E 00 00 DA FC 
419.596 [RX] 02 17 12 18 00 00 00 00 00 00 05 00 17 00 00 03 E8 00 3B 9B EE 74 A8 
419.650 [RX] 02 17 C3 4F 00 09 C3 4F 00 0A 14 00 00 00 55 03 E8 00 00 00 55 00 CF 03 E8 00 55 00 1E 00 00 DA FC 
419.705 [RX] 02 17 12 18 00 00 00 00 00 00 05 00 17 00 00 03 E8 00 3B 9B EE 74 A8 
419.738 [RX] 02 17 C3 4F 00 09 C3 4F 00 0A 14 00 00 00 55 03 E8 00 00 00 55 00 CF 03 E8 00 55 00 1E 00 00 DA FC 
419.789 [RX] 02 17 12 18 00 00 00 00 00 00 05 00 17 00 00 03 E8 00 3B 9B EE 74 A8 
419.839 [RX] 02 17 C3 4F 00 09 C3 4F 00 0A 14 00 00 00 55 03 E8 00 00 00 55 00 CF 03 E8 00 55 00 1E 00 00 DA FC 
419.908 [RX] 02 17 12 18 00 00 00 00 00 00 05 00 17 00 00 03 E8 00 3B 9B EE 74 A8 
419.944 [RX] 02 17 C3 4F 00 09 C3 4F 00 0A 14 00 00 00 55 03 E8 00 00 00 55 00 CF 03 E8 00 55 00 1E 00 00 DA FC 
419.992 [RX] 02 17 12 18 00 00 00 00 00 00 05 00 17 00 00 03 E8 00 3B 9B EE 74 A8 
420.049 [RX] 02 17 C3 4F 00 09 C3 4F 00 0A 14 00 00 00 55 03 E8 00 00 00 55 00 CF 03 E8 00 55 00 1E 00 00 DA FC 
420.101 [RX] 02 17 12 18 00 00 00 00 00 00 05 00 17 00 00 03 E8 00 3B 9B EE 74 A8 
420.138 [RX] 02 17 C3 4F 00 09 C3 4F 00 0A 14 00 00 00 55 03 E8 00 00 00 55 00 CF 03 E8 00 55 00 1E 00 00 DA FC 
420.185 [RX] 02 17 12 18 00 00 00 00 00 00 05 00 17 00 00 03 E8 00 3B 9B EE 74 A8 
420.238 [RX] 02 17 C3 4F 00 09 C3 4F 00 0A 14 00 00 00 55 03 E8 00 00 00 55 00 CF 03 E8 00 55 00 1E 00 00 DA FC 
420.294 [RX] 02 17 12 18 00 00 00 00 00 00 05 00 17 00 00 03 E8 00 3B 9B EE 74 A8 
420.348 [RX] 02 17 C3 4F 00 09 C3 4F 00 0A 14 00 00 00 55 03 E8 00 00 00 55 00 CF 03 E8 00 55 00 1E 00 00 DA FC 
420.412 [RX] 02 17 12 18 00 00 00 00 00 00 05 00 17 00 00 03 E8 00 3B 9B EE 74 A8 
420.448 [RX] 02 17 C3 4F 00 09 C3 4F 00 0A 14 00 00 00 55 03 E8 00 00 00 55 00 CF 03 E8 00 55 00 1E 00 00 DA FC 
420.496 [RX] 02 17 12 18 00 00 00 00 00 00 05 00 17 00 00 03 E8 00 3B 9B EE 74 A8 
420.538 [RX] 02 17 C3 4F 00 09 C3 4F 00 0A 14 00 00 00 55 03 E8 00 00 00 55 00 CF 03 E8 00 55 00 1E 00 00 DA FC 
420.580 [RX] 02 17 12 18 00 00 00 00 00 00 05 00 17 00 00 03 E8 00 3B 9B EE 74 A8 
420.638 [RX] 02 17 C3 4F 00 09 C3 4F 00 0A 14 00 00 00 55 03 E8 00 00 00 55 00 CF 03 E8 00 55 00 1E 00 00 DA FC 
420.689 [RX] 02 17 12 18 00 00 00 00 00 00 05 00 17 00 00 03 E8 00 3B 9B EE 74 A8 
420.742 [RX] 02 17 C3 4F 00 09 C3 4F 00 0A 14 00 00 00 55 03 E8 00 00 00 55 00 CF 03 E8 00 55 00 1E 00 00 DA FC 
420.798 [RX] 02 17 12 18 00 00 00 00 00 00 05 00 17 00 00 03 E8 00 3B 9B EE 74 A8 
420.852 [RX] 02 17 C3 4F 00 09 C3 4F 00 0A 14 00 00 00 55 03 E8 00 00 00 55 00 CF 03 E8 00 55 00 1E 00 00 DA FC 
420.916 [RX] 02 17 12 18 00 00 00 00 00 00 05 00 18 00 00 03 E8 00 3B 9B EE 35 58 
421.038 [RX] 02 17 C3 4F 00 09 C3 4F 00 0A 14 00 00 00 55 03 E8 00 00 00 55 00 CF 03 E8 00 55 00 1E 00 00 DA FC 
421.084 [RX] 02 17 12 18 00 00 00 00 00 00 05 00 18 00 00 03 E8 00 3B 9B EE 35 58 
421.141 [RX] 02 17 C3 4F 00 09 C3 4F 00 0A 14 00 00 00 55 03 E8 00 00 00 55 00 CF 03 E8 00 55 00 1E 00 00 DA FC 
421.194 [RX] 02 17 12 18 00 00 00 00 00 00 05 00 18 00 00 03 E8 00 3B 9B EE 35 58 
421.246 [RX] 02 17 C3 4F 00 09 C3 4F 00 0A 14 00 00 00 55 03 E8 00 00 00 55 00 CF 03 E8 00 55 00 1E 00 00 DA FC 
421.302 [RX] 02 17 12 18 00 00 00 00 00 00 05 00 18 00 00 03 E8 00 3B 9B EE 35 58 
421.355 [RX] 02 17 C3 4F 00 09 C3 4F 00 0A 14 00 00 00 55 03 8 00 00 00 55 00 CF 03 E8 00 55 00 1E 00 00 DA FC 
421.420 [RX] 02 17 12 18 00 00 00 00 00 00 05 00 18 00 00 03 E8 00 3B 9B EE 35 58 
421.540 [RX] 02 17 C3 4F 00 09 C3 4F 00 0A 14 00 00 00 55 03 E8 00 00 00 55 00 CF 03 E8 00 55 00 1E 00 00 DA FC 
421.588 [RX] 02 17 12 18 00 00 00 00 00 00 05 00 16 00 00 03 E8 00 3B 9B EE 79 38 
421.645 [RX] 02 17 C3 4F 00 09 C3 4F 00 0A 14 00 00 00 55 03 E8 00 00 00 55 00 CF 03 E8 00 55 00 1E 00 00 DA FC 
421.698 [RX] 02 17 12 18 00 00 00 00 00 00 05 00 16 00 00 03 E8 00 3B 9B EE 79 38 
421.750 [RX] 02 17 C3 4F 00 09 C3 4F 00 0A 14 00 00 00 55 03 E8 00 00 00 55 00 CF 03 E8 00 55 00 1E 00 00 DA FC 
421.806 [RX] 02 17 12 18 00 00 00 00 00 00 05 00 16 00 00 03 E8 00 3B 9B EE 79 38 
421.855 [RX] 02 17 C3 4F 00 09 C3 4F 00 0A 14 00 00 00 55 03 E8 00 00 00 55 00 CF 03 E8 00 55 00 1E 00 00 DA FC 
421.924 [RX] 02 17 12 18 00 00 00 00 00 00 05 00 16 00 02 17 EB 4F 3B 9B EF 7F 38 0A 14 00 00 00 55 03 E8 00 00 00 55 00 CF 03 E8 00 55 00 1E 00 00 DA FC 
422.044 [RX] 02 17 C3 4F 00 09 C3 4F 00 0A 14 00 00 00 55 03 E8 00 00 00 55 00 CF 03 E8 00 55 00 1E 00 00 DA FC 
422.092 [RX] 02 17 12 18 00 00 00 00 00 00 05 00 16 00 00 03 E8 00 3B 9B EE 79 38 
422.149 [RX] 02 17 C3 4F 00 09 C3 4F 00 0A 14 00 00 00 55 03 E8 00 00 00 55 00 CF 03 E8 00 55 00 1E 00 00 DA FC 
422.202 [RX] 02 17 12 18 00 00 00 00 00 00 05 00 1C 00 00 03 E8 00 3B 9B EE 07 98 
422.238 [RX] 02 17 C3 4F 00 09 C3 4F 00 0A 14 00 00 00 55 03 E8 00 00 00 55 00 CF 03 E8 00 55 00 1E 00 00 DA FC 
422.285 [RX] 02 17 12 18 00 00 00 00 00 00 05 00 1C 00 00 03 E8 00 3B 9B EE 07 98 
422.343 [RX] 02 17 C3 4F 00 09 C3 4F 00 0A 14 00 00 00 55 03 E8 00 00 00 55 00 CF 03 E8 00 55 00 1E 00 00 DA FC 
422.394 [RX] 02 17 12 18 00 00 00 00 00 00 05 00 1C 00 00 03 E8 00 3B 9B EE 07 98 
422.443 [RX] 02 17 C3 4F 00 09 C3 4F 00 0A 14 00 00 00 55 03 E8 00 00 00 55 00 CF 03 E8 00 55 00 1E 00 00 DA FC 
422.512 [RX] 02 17 12 18 00 00 00 00 00 00 05 00 1C 00 00 03 E8 00 3B 9B EE 07 98 
422.548 [RX] 02 17 C3 4F 00 09 C3 4F 00 0A 14 00 00 00 55 03 E8 00 00 00 55 00 CF 03 E8 00 55 00 1E 00 00 DA FC 
422.597 [RX] 02 17 12 18 00 00 00 00 00 00 05 00 1C 00 00 03 E8 00 3B 9B EE 07 98 
422.638 [RX] 02 17 C3 4F 00 09 C3 4F 00 0A 14 00 00 00 55 03 E8 00 00 00 55 00 CF 03 E8 00 55 00 1E 00 00 DA FC 
422.680 [RX] 02 17 12 18 00 00 00 00 00 00 05 00 1C 00 00 03 E8 00 3B 9B EE 07 98 
422.738 [RX] 02 17 C3 4F 00 09 C3 4F 00 0A 14 00 00 00 55 03 E8 00 00 00 55 00 CF 03 E8 00 55 00 1E 00 00 DA FC 
422.789 [RX] 02 17 12 18 00 00 00 00 00 00 05 00 1C 00 00 03 E8 00 3B 9B EE 07 98 
422.847 [RX] 02 17 C3 4F 00 09 C3 4F 00 0A 14 00 00 00 55 03 E8 00 00 00 55 00 CF 03 E8 00 55 00 1E 00 00 DA FC 
422.898 [RX] 02 17 12 18 00 00 00 00 00 00 05 00 1C 00 00 03 E8 00 3B 9B EE 07 98 
422.947 [RX] 02 17 C3 4F 00 09 C3 4F 00 0A 14 00 00 00 55 03 E8 00 00 00 55 00 CF 03 E8 00 55 00 1E 00 00 DA FC 
423.016 [RX] 02 17 12 18 00 00 00 00 00 00 05 00 17 00 00 03 E8 00 3B 9B EE 74 A8 
423.138 [RX] 02 17 C3 4F 00 09 C3 4F 00 0A 14 00 00 00 55 03 E8 00 00 00 55 00 CF 03 E8 00 55 00 1E 00 00 DA FC 
423.184 [RX] 02 17 12 18 00 00 00 00 00 00 05 00 17 00 00 03 E8 00 3B 9B EE 74 A8 
423.241 [RX] 02 17 C3 4F 00 09 C3 4F 00 0A 14 00 00 00 55 03 E8 00 00 00 55 00 CF 03 E8 00 55 00 1E 00 00 DA FC 
423.294 [RX] 02 17 12 18 00 00 00 00 00 00 05 00 17 00 00 03 E8 00 3B 9B EE 74 A8 
423.351 [RX] 02 17 C3 4F 00 09 C3 4F 00 0A 14 00 00 00 55 03 E8 00 00 00 55 00 CF 03 E8 00 55 00 1E 00 00 DA FC 
423.402 [RX] 02 17 12 18 00 00 00 00 00 00 05 00 17 00 00 03 E8 00 3B 9B EE 74 A8 
423.438 [RX] 02 17 C3 4F 00 09 C3 4F 00 0A 14 00 00 00 55 03 E8 00 00 00 55 00 CF 03 E8 00 55 00 1E 00 00 DA FC 
423.486 [RX] 02 17 12 18 00 00 00 00 00 00 05 00 17 00 00 03 E8 00 3B 9B EE 74 A8 
423.538 [RX] 02 17 C3 4F 00 09 C3 4F 00 0A 14 00 00 00 55 03 E8 00 00 00 55 00 CF 03 E8 00 55 00 1E 00 00 DA FC 
423.604 [RX] 02 17 12 18 00 00 00 00 00 00 05 00 17 00 00 03 E8 00 3B 9B EE 74 A8 
423.640 [RX] 02 17 C3 4F 00 09 C3 4F 00 0A 14 00 00 00 55 03 E8 00 00 00 55 00 CF 03 E8 00 55 00 1E 00 00 DA FC 
423.688 [RX] 02 17 12 18 00 00 00 00 00 00 05 00 17 00 00 03 E8 00 3B 9B EE 74 A8 
423.745 [RX] 02 17 C3 4F 00 09 C3 4F 00 0A 14 00 00 00 55 03 E8 00 00 00 55 00 CF 03 E8 00 55 00 1E 00 00 DA FC 
423.798 [RX] 02 17 12 18 00 00 00 00 00 00 05 00 17 00 00 03 E8 00 3B 9B EE 74 A8 
423.855 [RX] 02 17 C3 4F 00 09 C3 4F 00 0A 14 00 00 00 55 03 E8 00 00 00 55 00 CF 03 E8 00 55 00 1E 00 00 DA FC 
423.907 [RX] 02 17 12 18 00 00 00 00 00 00 05 00 17 00 00 03 E8 00 3B 9B EE 74 A8 
423.938 [RX] 02 17 C3 4F 00 09 C3 4F 00 0A 14 00 00 00 55 03 E8 00 00 00 55 00 CF 03 E8 00 55 00 1E 00 00 DA FC 
423.990 [RX] 02 17 12 18 00 00 00 00 00 00 05 00 18 00 00 03 E8 00 3B 9B EE 35 58 
424.039 [RX] 02 17 C3 4F 00 09 C3 4F 00 0A 14 00 00 00 55 03 E8 00 00 00 55 00 CF 03 E8 00 55 00 1E 00 00 DA FC 
424.108 [RX] 02 17 12 18 00 00 00 00 00 00 05 00 18 00 00 03 E8 00 3B 9B EE 35 58 
424.144 [RX] 02 17 C3 4F 00 09 C3 4F 00 0A 14 00 00 00 55 03 E8 00 00 00 55 00 CF 03 E8 00 55 00 1E 00 00 DA FC 
424.192 [RX] 02 17 12 18 00 00 00 00 00 00 05 00 18 00 00 03 E8 00 3B 9B EE 35 58 
424.249 [RX] 02 17 C3 4F 00 09 C3 4F 00 0A 14 00 00 00 55 03 E8 00 00 00 55 00 CF 03 E8 00 55 00 1E 00 00 DA FC 
424.302 [RX] 02 17 12 18 00 00 00 00 00 00 05 00 18 00 00 03 E8 00 3B 9B EE 35 58 
424.355 [RX] 02 17 C3 4F 00 09 C3 4F 00 0A 14 00 00 00 55 03 E8 00 00 00 55 00 CF 03 E8 00 55 00 1E 00 00 DA FC 
424.410 [RX] 02 17 12 18 00 00 00 00 00 00 05 00 18 00 00 03 E8 00 3B 9B EE 35 58 
424.438 [RX] 02 17 C3 4F 00 09 C3 4F 00 0A 14 00 00 00 55 03 E8 00 00 00 55 00 CF 03 E8 00 55 00 1E 00 00 DA FC 
424.494 [RX] 02 17 12 18 00 00 00 00 00 00 05 00 18 00 00 03 E8 00 3B 9B EE 35 58 
424.543 [RX] 02 17 C3 4F 00 09 C3 4F 00 0A 14 00 00 00 55 03 E8 00 00 00 55 00 CF 03 E8 00 55 00 1E 00 00 DA FC 
424.612 [RX] 02 17 12 18 00 00 00 00 00 00 05 00 18 00 00 03 E8 00 3B 9B EE 35 58 
424.648 [RX] 02 17 C3 4F 00 09 C3 4F 00 0A 14 00 00 00 55 03 E8 00 00 00 55 00 CF 03 E8 00 55 00 1E 00 00 DA FC 
424.696 [RX] 02 17 12 18 00 00 00 00 00 00 05 00 18 00 00 03 E8 00 3B 9B EE 35 58 
424.738 [RX] 02 17 C3 4F 00 09 C3 4F 00 0A 14 00 00 00 55 03 E8 00 00 00 55 00 CF 03 E8 00 55 00 1E 00 00 DA FC 
424.780 [RX] 02 17 12 18 00 00 00 00 00 00 05 00 18 00 00 03 E8 00 3B 9B EE 35 58 
424.844 [RX] 02 17 C3 4F 00 09 C3 4F 00 0A 14 00 00 00 55 03 E8 00 00 00 55 00 CF 03 E8 00 55 00 1E 00 00 DA FC 
424.889 [RX] 02 17 12 18 00 00 00 00 00 00 05 00 18 00 00 03 E8 00 3B 9B EE 35 58 
424.942 [RX] 02 17 C3 4F 00 09 C3 4F 00 0A 14 00 00 00 55 03 E8 00 00 00 55 00 CF 03 E8 00 55 00 1E 00 00 DA FC 
424.999 [RX] 02 17 12 18 00 00 00 00 00 00 05 00 17 00 00 03 E8 00 3B 9B EE 74 A8 
425.047 [RX] 02 17 C3 4F 00 09 C3 4F 00 0A 14 00 00 00 55 03 E8 00 00 00 55 00 CF 03 E8 00 55 00 1E 00 00 DA FC 
425.116 [RX] 02 17 12 18 00 00 00 00 00 00 05 00 17 00 00 03 E8 00 3B 9B EE 74 A8 
425.238 [RX] 02 17 C3 4F 00 09 C3 4F 00 0A 14 00 00 00 55 03 E8 00 00 00 55 00 CF 03 E8 00 55 00 1E 00 00 DA FC 
425.284 [RX] 02 17 12 18 00 00 00 00 00 00 05 00 17 00 00 03 E8 00 3B 9B EE 74 A8 
425.346 [RX] 02 17 C3 4F 00 09 C3 4F 00 0A 14 00 00 00 55 03 E8 00 00 00 55 00 CF 03 E8 00 55 00 1E 00 00 DA FC 
425.394 [RX] 02 17 12 18 00 00 00 00 00 00 05 00 17 00 00 03 E8 00 3B 9B EE 74 A8 
425.446 [RX] 02 17 C3 4F 00 09 C3 4F 00 0A 14 00 00 00 55 03 E8 00 00 00 55 00 CF 03 E8 00 55 00 1E 00 00 DA FC 
425.503 [RX] 02 17 12 18 00 00 00 00 00 00 05 00 17 00 00 03 E8 00 3B 9B EE 74 A8 
425.538 [RX] 02 17 C3 4F 00 09 C3 4F 00 0A 14 00 00 00 55 03 E8 00 00 00 55 00 CF 03 E8 00 55 00 1E 00 00 DA FC 
425.586 [RX] 02 17 12 18 00 00 00 00 00 00 05 00 18 00 00 03 E8 00 3B 9B EE 35 58 
425.638 [RX] 02 17 C3 4F 00 09 C3 4F 00 0A 14 00 00 00 55 03 E8 00 00 00 55 00 CF 03 E8 00 55 00 1E 00 00 DA FC 
425.704 [RX] 02 17 12 18 00 00 00 00 00 00 05 00 18 00 00 03 E8 00 3B 9B EE 35 58 
425.740 [RX] 02 17 C3 4F 00 09 C3 4F 00 0A 14 00 00 00 55 03 E8 00 00 00 55 00 CF 03 E8 00 55 00 1E 00 00 DA FC 
425.788 [RX] 02 17 12 18 00 00 00 00 00 00 05 00 18 00 00 03 E8 00 3B 9B EE 35 58 
425.850 [RX] 02 17 C3 4F 00 09 C3 4F 00 0A 14 00 00 00 55 03 E8 00 00 00 55 00 CF 03 E8 00 55 00 1E 00 00 DA FC 
425.898 [RX] 02 17 12 18 00 00 00 00 00 00 05 00 18 00 00 03 E8 00 3B 9B EE 35 58 
425.950 [RX] 02 17 C3 4F 00 09 C3 4F 00 0A 14 00 00 00 55 03 E8 00 00 00 55 00 CF 03 E8 00 55 00 1E 00 00 DA FC 
426.007 [RX] 02 17 12 18 00 00 00 00 00 00 05 00 18 00 00 03 E8 00 3B 9B EE 35 58 
426.038 [RX] 02 17 C3 4F 00 09 C3 4F 00 0A 14 00 00 00 55 03 E8 00 00 00 55 00 CF 03 E8 00 55 00 1E 00 00 DA FC 
426.090 [RX] 02 17 12 18 00 00 00 00 00 00 05 00 18 00 00 03 E8 00 3B 9B EE 35 58 
426.139 [RX] 02 17 C3 4F 00 09 C3 4F 00 0A 14 00 00 00 55 03 E8 00 00 00 55 00 CF 03 E8 00 55 00 1E 00 00 DA FC 
426.208 [RX] 02 17 12 18 00 00 00 00 00 00 05 00 18 00 00 03 E8 00 3B 9B EE 35 58 
426.244 [RX] 02 17 C3 4F 00 09 C3 4F 00 0A 14 00 00 00 55 03 E8 00 00 00 55 00 CF 03 E8 00 55 00 1E 00 00 DA FC 
426.292 [RX] 02 17 12 18 00 00 00 00 00 00 05 00 19 00 00 03 E8 00 3B 9B EE 38 C8 
426.354 [RX] 02 17 C3 4F 00 09 C3 4F 00 0A 14 00 00 00 55 03 E8 00 00 00 55 00 CF 03 E8 00 55 00 1E 00 00 DA FC 
426.402 [RX] 02 17 12 18 00 00 00 00 00 00 05 00 19 00 00 03 E8 00 3B 9B EE 38 C8 
426.438 [RX] 02 17 C3 4F 00 09 C3 4F 00 0A 14 00 00 00 55 03 E8 00 00 00 55 00 CF 03 E8 00 55 00 1E 00 00 DA FC 
426.485 [RX] 02 17 12 18 00 00 00 00 00 00 05 00 19 00 00 03 E8 00 3B 9B EE 38 C8 
426.538 [RX] 02 17 C3 4F 00 09 C3 4F 00 0A 14 00 00 00 55 03 E8 00 00 00 55 00 CF 03 E8 00 55 00 1E 00 00 DA FC 
426.594 [RX] 02 17 12 18 00 00 00 00 00 00 05 00 19 00 00 03 E8 00 3B 9B EE 38 C8 
426.643 [RX] 02 17 C3 4F 00 09 C3 4F 00 0A 14 00 00 00 55 03 E8 00 00 00 55 00 CF 03 E8 00 55 00 1E 00 00 DA FC 
426.712 [RX] 02 17 12 18 00 00 00 00 00 00 05 00 19 00 00 03 E8 00 3B 9B EE 38 C8 
426.748 [RX] 02 17 C3 4F 00 09 C3 4F 00 0A 14 00 00 00 55 03 E8 00 00 00 55 00 CF 03 E8 00 55 00 1E 00 00 DA FC 
426.796 [RX] 02 17 12 18 00 00 00 00 00 00 05 00 19 00 00 03 E8 00 3B 9B EE 38 C8 
426.855 [RX] 02 17 C3 4F 00 09 C3 4F 00 0A 14 00 00 00 55 03 E8 00 00 00 55 00 CF 03 E8 00 55 00 1E 00 00 DA FC 
426.905 [RX] 02 17 12 18 00 00 00 00 00 00 05 00 19 00 00 03 E8 00 3B 9B EE 38 C8 
426.938 [RX] 02 17 C3 4F 00 09 C3 4F 00 0A 14 00 00 00 55 03 E8 00 00 00 55 00 CF 03 E8 00 55 00 1E 00 00 DA FC 
426.989 [RX] 02 17 12 18 00 00 00 00 00 00 05 00 19 00 00 03 E8 00 3B 9B EE 38 C8 
427.042 [RX] 02 17 C3 4F 00 09 C3 4F 00 0A 14 00 00 00 55 03 E8 00 00 00 55 00 CF 03 E8 00 55 00 1E 00 00 DA FC 
427.098 [RX] 02 17 12 18 00 00 00 00 00 00 05 00 19 00 00 03 E8 00 3B 9B EE 38 C8 
427.147 [RX] 02 17 C3 4F 00 09 C3 4F 00 0A 14 00 00 00 55 03 E8 00 00 00 55 00 CF 03 E8 00 55 00 1E 00 00 DA FC 
427.216 [RX] 02 17 12 18 00 00 00 00 00 00 05 00 17 00 00 03 E8 00 3B 9B EE 74 A8 
427.343 [RX] 02 17 C3 4F 00 09 C3 4F 00 0A 14 00 00 00 55 03 E8 00 00 00 55 00 CF 03 E8 00 55 00 1E 00 00 DA FC 
427.384 [RX] 02 17 12 18 00 00 00 00 00 00 05 00 17 00 00 03 E8 00 3B 9B EE 74 A8 
427.441 [RX] 02 17 C3 4F 00 09 C3 4F 00 0A 14 00 00 00 55 03 E8 00 00 00 55 00 CF 03 E8 00 55 00 1E 00 00 DA FC 
427.494 [RX] 02 17 12 18 00 00 00 00 00 00 05 00 17 00 00 03 E8 00 3B 9B EE 74 A8 
427.546 [RX] 02 17 C3 4F 00 09 C3 4F 00 0A 14 00 00 00 55 03 E8 00 00 00 55 00 CF 03 E8 00 55 00 1E 00 00 DA FC 
427.603 [RX] 02 17 12 18 00 00 00 00 00 00 05 00 17 00 00 03 E8 00 3B 9B EE 74 A8 
427.638 [RX] 02 17 C3 4F 00 09 C3 4F 00 0A 14 00 00 00 55 03 E8 00 00 00 55 00 CF 03 E8 00 55 00 1E 00 00 DA FC 
427.686 [RX] 02 17 12 18 00 00 00 00 00 00 05 00 17 00 00 03 E8 00 3B 9B EE 74 A8 
427.738 [RX] 02 17 C3 4F 00 09 C3 4F 00 0A 14 00 00 00 55 03 E8 00 00 00 55 00 CF 03 E8 00 55 00 1E 00 00 DA FC 
427.804 [RX] 02 17 12 18 00 00 00 00 00 00 05 00 17 00 00 03 E8 00 3B 9B EE 74 A8 
427.840 [RX] 02 17 C3 4F 00 09 C3 4F 00 0A 14 00 00 00 55 03 E8 00 00 00 55 00 CF 03 E8 00 55 00 1E 00 00 DA FC 
427.888 [RX] 02 17 12 18 00 00 00 00 00 00 05 00 17 00 00 03 E8 00 3B 9B EE 74 A8 
427.945 [RX] 02 17 C3 4F 00 09 C3 4F 00 0A 14 00 00 00 55 03 E8 00 00 00 55 00 CF 03 E8 00 55 00 1E 00 00 DA FC 
427.998 [RX] 02 17 12 18 00 00 00 00 00 00 05 00 17 00 00 03 E8 00 3B 9B EE 74 A8 
428.050 [RX] 02 17 C3 4F 00 09 C3 4F 00 0A 14 00 00 00 55 03 E8 00 00 00 55 00 CF 03 E8 00 55 00 1E 00 00 DA FC 
428.106 [RX] 02 17 12 18 00 00 00 00 00 00 05 00 17 00 00 03 E8 00 3B 9B EE 74 A8 
428.138 [RX] 02 17 C3 4F 00 09 C3 4F 00 0A 14 00 00 00 55 03 E8 00 00 00 55 00 CF 03 E8 00 55 00 1E 00 00 DA FC 
428.191 [RX] 02 17 12 18 00 00 00 00 00 00 05 00 17 00 00 03 E8 00 3B 9B EE 74 A8 
428.239 [RX] 02 17 C3 4F 00 09 C3 4F 00 0A 14 00 00 00 55 03 E8 00 00 00 55 00 CF 03 E8 00 55 00 1E 00 00 DA FC 
428.308 [RX] 02 17 12 18 00 00 00 00 00 00 05 00 16 00 00 03 E8 00 3B 9B EE 79 38 
428.349 [RX] 02 17 C3 4F 00 09 C3 4F 00 0A 14 00 00 00 55 03 E8 00 00 00 55 00 CF 03 E8 00 55 00 1E 00 00 DA FC 
428.392 [RX] 02 17 12 18 00 00 00 00 00 00 05 00 16 00 00 03 E8 00 3B 9B EE 79 38 
428.449 [RX] 02 17 C3 4F 00 09 C3 4F 00 0A 14 00 00 00 55 03 E8 00 00 00 55 00 CF 03 E8 00 55 00 1E 00 00 DA FC 
428.502 [RX] 02 17 12 18 00 00 00 00 00 00 05 00 16 00 00 03 E8 00 3B 9B EE 79 38 
428.538 [RX] 02 17 C3 4F 00 09 C3 4F 00 0A 14 00 00 00 55 03 E8 00 00 00 55 00 CF 03 E8 00 55 00 1E 00 00 DA FC 
428.586 [RX] 02 17 12 18 00 00 00 00 00 00 05 00 16 00 00 03 E8 00 3B 9B EE 79 38 
428.638 [RX] 02 17 C3 4F 00 09 C3 4F 00 0A 14 00 00 00 55 03 E8 00 00 00 55 00 CF 03 E8 00 55 00 1E 00 00 DA FC 
428.694 [RX] 02 17 12 18 00 00 00 00 00 00 05 00 16 00 00 03 E8 00 3B 9B EE 79 38 
428.743 [RX] 02 17 C3 4F 00 09 C3 4F 00 0A 14 00 00 00 55 03 E8 00 00 00 55 00 CF 03 E8 00 55 00 1E 00 00 DA FC 
428.812 [RX] 02 17 12 18 00 00 00 00 00 00 05 00 16 00 00 03 E8 00 3B 9B EE 79 38 
428.853 [RX] 02 17 C3 4F 00 09 C3 4F 00 0A 14 00 00 00 55 03 E8 00 00 00 55 00 CF 03 E8 00 55 00 1E 00 00 DA FC 
428.896 [RX] 02 17 12 18 00 00 00 00 00 00 05 00 16 00 00 03 E8 00 3B 9B EE 79 38 
428.938 [RX] 02 17 C3 4F 00 09 C3 4F 00 0A 14 00 00 00 55 03 E8 00 00 00 55 00 CF 03 E8 00 55 00 1E 00 00 DA FC 
428.980 [RX] 02 17 12 18 00 00 00 00 00 00 05 00 16 00 00 03 E8 00 3B 9B EE 79 38 
429.038 [RX] 02 17 C3 4F 00 09 C3 4F 00 0A 14 00 00 00 55 03 E8 00 00 00 55 00 CF 03 E8 00 55 00 1E 00 00 DA FC 
429.089 [RX] 02 17 12 18 00 00 00 00 00 00 05 00 16 00 00 03 E8 00 3B 9B EE 79 38 
429.142 [RX] 02 17 C3 4F 00 09 C3 4F 00 0A 14 00 00 00 55 03 E8 00 00 00 55 00 CF 03 E8 00 55 00 1E 00 00 DA FC 
429.198 [RX] 02 17 12 18 00 00 00 00 00 00 05 00 16 00 00 03 E8 00 3B 9B EE 79 38 
429.247 [RX] 02 17 C3 4F 00 09 C3 4F 00 0A 14 00 00 00 55 03 E8 00 00 00 55 00 CF 03 E8 00 55 00 1E 00 00 DA FC 
429.316 [RX] 02 17 12 18 00 00 00 00 00 00 05 00 16 00 00 03 E8 00 3B 9B EE 79 38 
429.355 [RX] 02 17 C3 4F 00 09 C3 4F 00 0A 14 00 00 00 55 03 E8 00 00 00 55 00 CF 03 E8 00 55 00 1E 00 00 DA FC 
429.400 [RX] 02 17 12 18 00 00 00 00 00 00 05 00 16 00 00 03 E8 00 3B 9B EE 79 38 
429.438 [RX] 02 17 C3 4F 00 09 C3 4F 00 0A 14 00 00 00 55 03 E8 00 00 00 55 00 CF 03 E8 00 5% 00 1E 00 00 DA FC 
429.484 [RX] 02 17 12 18 00 00 00 00 00 00 05 00 16 00 00 03 E8 00 3B 9B EE 79 38 
429.541 [RX] 02 17 C3 4F 00 09 C3 4F 00 0A 14 00 00 00 55 03 E8 00 00 00 55 00 CF 03 E8 00 55 00 1E 00 00 DA FC 
429.593 [RX] 02 17 12 18 00 00 00 00 00 00 05 00 17 00 00 03 E8 00 3B 9B EE 74 A8 
429.646 [RX] 02 17 C3 4F 00 09 C3 4F 00 0A 14 00 00 00 55 03 E8 00 00 00 55 00 CF 03 E8 00 55 00 1E 00 00 DA FC 
429.702 [RX] 02 17 12 18 00 00 00 00 00 00 05 00 17 00 00 03 E8 00 3B 9B EE 74 A8 
429.739 [RX] 02 17 C3 4F 00 09 C3 4F 00 0A 14 00 00 00 55 03 E8 00 00 00 55 00 CF 03 E8 00 55 00 1E 00 00 DA FC 
429.786 [RX] 02 17 12 18 00 00 00 00 00 00 05 00 17 00 00 03 E8 00 3B 9B EE 74 A8 
429.843 [RX] 02 17 C3 4F 00 09 C3 4F 00 0A 14 00 00 00 55 03 E8 00 00 00 55 00 CF 03 E8 00 55 00 1E 00 00 DA FC 
429.904 [RX] 02 17 12 18 00 00 00 00 00 00 05 00 17 00 00 03 E8 00 3B 9B EE 74 A8 
429.940 [RX] 02 17 C3 4F 00 09 C3 4F 00 0A 14 00 00 00 55 03 E8 00 00 00 55 00 CF 03 E8 00 55 00 1E 00 00 DA FC 
429.988 [RX] 02 17 12 18 00 00 00 00 00 00 05 00 17 00 00 03 E8 00 3B 9B EE 74 A8 
430.045 [RX] 02 17 C3 4F 00 09 C3 4F 00 0A 14 00 00 00 55 03 E8 00 00 00 55 00 CF 03 E8 00 55 00 1E 00 00 DA FC 
430.097 [RX] 02 17 12 18 00 00 00 00 00 00 05 00 17 00 00 03 E8 00 3B 9B EE 74 A8 
430.150 [RX] 02 17 C3 4F 00 09 C3 4F 00 0A 14 00 00 00 55 03 E8 00 00 00 55 00 CF 03 E8 00 55 00 1E 00 00 DA FC 
430.207 [RX] 02 17 12 18 00 00 00 00 00 00 05 00 16 00 00 03 E8 00 3B 9B EE 79 38 
430.238 [RX] 02 17 C3 4F 00 09 C3 4F 00 0A 14 00 00 00 55 03 E8 00 00 00 55 00 CF 03 E8 00 55 00 1E 00 00 DA FC 
430.290 [RX] 02 17 12 18 00 00 00 00 00 00 05 00 16 00 00 03 E8 00 3B 9B EE 79 38 
430.339 [RX] 02 17 C3 4F 00 09 C3 4F 00 0A 14 00 00 00 55 03 E8 00 00 00 55 00 CF 03 E8 00 5o 00 1E 00 00 DA FC 
430.408 [RX] 02 17 12 18 00 00 00 00 00 00 05 00 16 00 00 03 E8 00 3B 9B EE 79 38 
430.444 [RX] 02 17 C3 4F 00 09 C3 4F 00 0A 14 00 00 00 55 03 E8 00 00 00 55 00 CF 03 E8 00 55 00 1E 00 00 DA FC 
430.492 [RX] 02 17 12 18 00 00 00 00 00 00 05 00 16 00 00 03 E8 00 3B 9B EE 79 38 
430.549 [RX] 02 17 C3 4F 00 09 C3 4F 00 0A 14 00 00 00 55 03 E8 00 00 00 55 00 CF 03 E8 00 55 00 1E 00 00 DA FC 
430.602 [RX] 02 17 12 18 00 00 00 00 00 00 05 00 16 00 00 03 E8 00 3B 9B EE 79 38 
430.638 [RX] 02 17 C3 4F 00 09 C3 4F 00 0A 14 00 00 00 55 03 E8 00 00 00 55 00 CF 03 E8 00 55 00 1E 00 00 DA FC 
430.686 [RX] 02 17 12 18 00 00 00 00 00 00 05 00 17 00 00 03 E8 00 3B 9B EE 74 A8 
430.738 [RX] 02 17 C3 4F 00 09 C3 4F 00 0A 14 00 00 00 55 03 E8 00 00 00 55 00 CF 03 E8 00 55 00 1E 00 00 DA FC 
430.794 [RX] 02 17 12 18 00 00 00 00 00 00 05 00 17 00 00 03 E8 00 3B 9B EE 74 A8 
430.848 [RX] 02 17 C3 4F 00 09 C3 4F 00 0A 14 00 00 00 55 03 E8 00 00 00 55 00 CF 03 E8 00 55 00 1E 00 00 DA FC 
430.912 [RX] 02 17 12 18 00 00 00 00 00 00 05 00 17 00 00 03 E8 00 3B 9B EE 74 A8 
430.948 [RX] 02 17 C3 4F 00 09 C3 4F 00 0A 14 00 00 00 55 03 E8 00 00 00 55 00 CF 03 E8 00 55 00 1E 00 00 DA FC 
430.996 [RX] 02 17 12 18 00 00 00 00 00 00 05 00 17 00 00 03 E8 00 3B 9B EE 74 A8 
431.038 [RX] 02 17 C3 4F 00 09 C3 4F 00 0A 14 00 00 00 55 03 E8 00 00 00 55 00 CF 03 E8 00 55 00 1E 00 00 DA FC 
431.080 [RX] 02 17 12 18 00 00 00 00 00 00 05 00 17 00 00 03 E8 00 3B 9B EE 74 A8 
431.138 [RX] 02 17 C3 4F 00 09 C3 4F 00 0A 14 00 00 00 55 03 E8 00 00 00 55 00 CF 03 E8 00 55 00 1E 00 00 DA FC 
431.190 [RX] 02 17 12 18 00 00 00 00 00 00 05 00 17 00 00 03 E8 00 3B 9B EE 74 A8 
431.242 [RX] 02 17 C3 4F 00 09 C3 4F 00 0A 14 00 00 00 55 03 E8 00 00 00 55 00 CF 03 E8 00 55 00 1E 00 00 DA FC 
431.298 [RX] 02 17 12 18 00 00 00 00 00 00 05 00 17 00 00 03 E8 00 3B 9B EE 74 A8 
431.352 [RX] 02 17 C3 4F 00 09 C3 4F 00 0A 14 00 00 00 55 03 E8 00 00 00 55 00 CF 03 E8 00 55 00 1E 00 00 DA FC 
431.416 [RX] 02 17 12 18 00 00 00 00 00 00 05 00 17 00 00 03 E8 00 3B 9B EE 74 A8 
431.538 [RX] 02 17 C3 4F 00 09 C3 4F 00 0A 14 00 00 00 55 03 E8 00 00 00 55 00 CF 03 E8 00 55 00 1E 00 00 DA FC 
431.584 [RX] 02 17 12 18 00 00 00 00 00 00 05 00 17 00 00 03 E8 00 3B 9B EE 74 A8 
431.641 [RX] 02 17 C3 4F 00 09 C3 4F 00 0A 14 00 00 00 55 03 E8 00 00 00 55 00 CF 03 E8 00 55 00 1E 00 00 DA FC 
431.694 [RX] 02 17 12 18 00 00 00 00 00 00 05 00 17 00 00 03 E8 00 3B 9B EE 74 A8 
431.746 [RX] 02 17 C3 4F 00 09 C3 4F 00 0A 14 00 00 00 55 03 E8 00 00 00 55 00 CF 03 E8 00 55 00 1E 00 00 DA FC 
431.802 [RX] 02 17 12 18 00 00 00 00 00 00 05 00 17 00 00 03 E8 00 3B 9B EE 74 A8 
